 5.00000000000000E+0002 -1.78109253742022E+0001
 4.99023437500000E+0002 -6.38005981543342E+0001
 4.98046875000000E+0002 -4.28135422978690E+0001
 4.97070312500000E+0002  3.17982283924234E+0001
 4.96093750000000E+0002  7.09014972222361E+0001
 4.95117187500000E+0002  5.27020146744317E+0001
 4.94140625000000E+0002  3.96058275652910E+0001
 4.93164062500000E+0002  6.42965413826938E+0001
 4.92187500000000E+0002  8.54005312180538E+0001
 4.91210937500000E+0002  6.76785570046934E+0001
 4.90234375000000E+0002  3.29272688312138E+0001
 4.89257812500000E+0002  7.56458924986364E+0000
 4.88281250000000E+0002 -1.77446151304918E+0001
 4.87304687500000E+0002 -4.45931119685126E+0001
 4.86328125000000E+0002 -3.83448216327018E+0001
 4.85351562500000E+0002  1.51756074002354E+0001
 4.84375000000000E+0002  6.77600994342106E+0001
 4.83398437500000E+0002  6.96187458615513E+0001
 4.82421875000000E+0002  3.90202356651314E+0001
 4.81445312500000E+0002  2.41813743093483E+0001
 4.80468750000000E+0002  2.47747929810152E+0001
 4.79492187500000E+0002  6.63088634689800E+0000
 4.78515625000000E+0002 -2.47012180403437E+0001
 4.77539062500000E+0002 -2.86066777484559E+0001
 4.76562500000000E+0002 -5.63538389623284E+0000
 4.75585937500000E+0002 -5.57566980009398E+0000
 4.74609375000000E+0002 -4.31849623572986E+0001
 4.73632812500000E+0002 -6.19381287179086E+0001
 4.72656250000000E+0002 -1.38111523363410E+0001
 4.71679687500000E+0002  6.55159753272956E+0001
 4.70703125000000E+0002  9.99634686143119E+0001
 4.69726562500000E+0002  6.77123003955317E+0001
 4.68750000000000E+0002  1.67584319150560E+0001
 4.67773437500000E+0002 -9.99343453000165E-0001
 4.66796875000000E+0002  1.96375669399056E+0001
 4.65820312500000E+0002  4.63599553901624E+0001
 4.64843750000000E+0002  4.48275150741652E+0001
 4.63867187500000E+0002  7.87947949151416E+0000
 4.62890625000000E+0002 -3.41675352655629E+0001
 4.61914062500000E+0002 -3.95339148397755E+0001
 4.60937500000000E+0002 -6.60175790524386E+0000
 4.59960937500000E+0002  1.31024574943558E+0001
 4.58984375000000E+0002 -2.37801028455814E+0001
 4.58007812500000E+0002 -8.81284765869333E+0001
 4.57031250000000E+0002 -1.05161280117658E+0002
 4.56054687500000E+0002 -4.61372347225350E+0001
 4.55078125000000E+0002  3.50234971529734E+0001
 4.54101562500000E+0002  6.53439498225969E+0001
 4.53125000000000E+0002  2.91463689776448E+0001
 4.52148437500000E+0002 -3.28816873846026E+0001
 4.51171875000000E+0002 -7.96924001708418E+0001
 4.50195312500000E+0002 -1.00239982922737E+0002
 4.49218750000000E+0002 -9.58499176692848E+0001
 4.48242187500000E+0002 -6.26866246669746E+0001
 4.47265625000000E+0002 -7.92650736002400E+0000
 4.46289062500000E+0002  3.12420366705754E+0001
 4.45312500000000E+0002  1.25122701305091E+0001
 4.44335937500000E+0002 -5.74704319806851E+0001
 4.43359375000000E+0002 -1.12187527191809E+0002
 4.42382812500000E+0002 -9.05733443638770E+0001
 4.41406250000000E+0002 -8.18986245995097E+0000
 4.40429687500000E+0002  5.93024472702806E+0001
 4.39453125000000E+0002  6.28691716766428E+0001
 4.38476562500000E+0002  2.35350494790539E+0001
 4.37500000000000E+0002 -1.45327407530230E+0001
 4.36523437500000E+0002 -3.79594536938611E+0001
 4.35546875000000E+0002 -5.15370714793403E+0001
 4.34570312500000E+0002 -4.80680264615731E+0001
 4.33593750000000E+0002 -2.77068204385757E+0001
 4.32617187500000E+0002 -2.13130366596334E+0001
 4.31640625000000E+0002 -4.90544755701069E+0001
 4.30664062500000E+0002 -7.34025072135289E+0001
 4.29687500000000E+0002 -4.67837025081324E+0001
 4.28710937500000E+0002  3.15756925252828E+0000
 4.27734375000000E+0002  1.24711271329033E-0001
 4.26757812500000E+0002 -6.26899728488960E+0001
 4.25781250000000E+0002 -1.01807686366900E+0002
 4.24804687500000E+0002 -6.68225666592535E+0001
 4.23828125000000E+0002 -1.26628464647312E+0001
 4.22851562500000E+0002 -1.37769156648773E+0000
 4.21875000000000E+0002 -1.90640532896759E+0000
 4.20898437500000E+0002  3.67183386143349E+0001
 4.19921875000000E+0002  6.87335503040280E+0001
 4.18945312500000E+0002  1.35702406500177E+0001
 4.17968750000000E+0002 -8.94352341816939E+0001
 4.16992187500000E+0002 -1.08311442025292E+0002
 4.16015625000000E+0002 -1.61383564312165E+0001
 4.15039062500000E+0002  5.59761868578146E+0001
 4.14062500000000E+0002  1.34919648296453E+0001
 4.13085937500000E+0002 -6.22803079777689E+0001
 4.12109375000000E+0002 -5.37459885752671E+0001
 4.11132812500000E+0002  3.53268656996073E+0000
 4.10156250000000E+0002 -1.02264672607863E+0001
 4.09179687500000E+0002 -9.32522820453996E+0001
 4.08203125000000E+0002 -1.24782957581924E+0002
 4.07226562500000E+0002 -6.78040397320007E+0001
 4.06250000000000E+0002 -2.99829132603141E+0001
 4.05273437500000E+0002 -8.34858219272027E+0001
 4.04296875000000E+0002 -1.47410285451601E+0002
 4.03320312500000E+0002 -1.24500003399447E+0002
 4.02343750000000E+0002 -5.79685789857854E+0001
 4.01367187500000E+0002 -5.18948956855658E+0001
 4.00390625000000E+0002 -9.91949345123255E+0001
 3.99414062500000E+0002 -1.02656785694692E+0002
 3.98437500000000E+0002 -4.00764115057444E+0001
 3.97460937500000E+0002  4.77287191880509E+0000
 3.96484375000000E+0002 -1.82325335538263E+0001
 3.95507812500000E+0002 -5.51685716201447E+0001
 3.94531250000000E+0002 -4.62430343308191E+0001
 3.93554687500000E+0002 -1.28389777868551E+0001
 3.92578125000000E+0002 -5.29266060456388E+0000
 3.91601562500000E+0002 -2.75418877132840E+0001
 3.90625000000000E+0002 -5.76524986826778E+0001
 3.89648437500000E+0002 -8.88958731108366E+0001
 3.88671875000000E+0002 -1.03907507458657E+0002
 3.87695312500000E+0002 -6.03344549921700E+0001
 3.86718750000000E+0002  3.85901864618155E+0001
 3.85742187500000E+0002  1.01506792557621E+0002
 3.84765625000000E+0002  4.91896308158206E+0001
 3.83789062500000E+0002 -6.49687834824745E+0001
 3.82812500000000E+0002 -1.09433211573096E+0002
 3.81835937500000E+0002 -4.45752106152792E+0001
 3.80859375000000E+0002  3.61927241426698E+0001
 3.79882812500000E+0002  4.75448463340686E+0001
 3.78906250000000E+0002  2.04779015903752E+0001
 3.77929687500000E+0002  3.12425725663211E+0001
 3.76953125000000E+0002  7.98568137589969E+0001
 3.75976562500000E+0002  9.84932890227147E+0001
 3.75000000000000E+0002  5.52285194717676E+0001
 3.74023437500000E+0002 -7.68045124023411E+0000
 3.73046875000000E+0002 -3.81999826898357E+0001
 3.72070312500000E+0002 -3.38174441062170E+0001
 3.71093750000000E+0002 -2.49737107751628E+0001
 3.70117187500000E+0002 -2.87851438088410E+0001
 3.69140625000000E+0002 -3.75800087224297E+0001
 3.68164062500000E+0002 -3.92692555992771E+0001
 3.67187500000000E+0002 -3.18253324735825E+0001
 3.66210937500000E+0002 -1.98796154244648E+0001
 3.65234375000000E+0002 -8.30158636437585E+0000
 3.64257812500000E+0002 -2.86153594894284E+0000
 3.63281250000000E+0002 -1.13315704709651E+0001
 3.62304687500000E+0002 -3.59914225071220E+0001
 3.61328125000000E+0002 -6.44288245622323E+0001
 3.60351562500000E+0002 -7.66185992523449E+0001
 3.59375000000000E+0002 -6.70491547656428E+0001
 3.58398437500000E+0002 -5.19391079183968E+0001
 3.57421875000000E+0002 -4.61659975385696E+0001
 3.56445312500000E+0002 -4.31708968307905E+0001
 3.55468750000000E+0002 -3.21070800625525E+0001
 3.54492187500000E+0002 -2.38347587585107E+0001
 3.53515625000000E+0002 -3.54568927431439E+0001
 3.52539062500000E+0002 -5.45512291805557E+0001
 3.51562500000000E+0002 -5.12845895634769E+0001
 3.50585937500000E+0002 -2.99140514154435E+0001
 3.49609375000000E+0002 -2.98382162892160E+0001
 3.48632812500000E+0002 -5.82169257431726E+0001
 3.47656250000000E+0002 -6.24668600578467E+0001
 3.46679687500000E+0002 -6.77085556572956E+0000
 3.45703125000000E+0002  5.55055409512684E+0001
 3.44726562500000E+0002  3.93496963726497E+0001
 3.43750000000000E+0002 -5.28097138391853E+0001
 3.42773437500000E+0002 -1.26407101105757E+0002
 3.41796875000000E+0002 -1.17263858854128E+0002
 3.40820312500000E+0002 -6.57696180026123E+0001
 3.39843750000000E+0002 -4.48763847623574E+0001
 3.38867187500000E+0002 -5.98659162324681E+0001
 3.37890625000000E+0002 -5.96438199532494E+0001
 3.36914062500000E+0002 -1.97864795605601E+0001
 3.35937500000000E+0002  2.93746779578530E+0001
 3.34960937500000E+0002  4.68759519600623E+0001
 3.33984375000000E+0002  1.84703219481057E+0001
 3.33007812500000E+0002 -4.27351749596900E+0001
 3.32031250000000E+0002 -1.01559503103222E+0002
 3.31054687500000E+0002 -1.13860399562567E+0002
 3.30078125000000E+0002 -6.78351452470266E+0001
 3.29101562500000E+0002 -8.90988820950975E+0000
 3.28125000000000E+0002  8.94639935771801E+0000
 3.27148437500000E+0002 -8.55026433028672E+0000
 3.26171875000000E+0002 -1.51000339926985E+0001
 3.25195312500000E+0002 -5.41930504829082E+0000
 3.24218750000000E+0002 -2.18492504060956E+0001
 3.23242187500000E+0002 -6.75089117639748E+0001
 3.22265625000000E+0002 -7.75882631323647E+0001
 3.21289062500000E+0002 -1.79298969716330E+0001
 3.20312500000000E+0002  4.22358357636421E+0001
 3.19335937500000E+0002  1.88600629623580E+0001
 3.18359375000000E+0002 -5.91147326174003E+0001
 3.17382812500000E+0002 -8.44873162313335E+0001
 3.16406250000000E+0002 -2.52013669502376E+0001
 3.15429687500000E+0002  3.21778411861080E+0001
 3.14453125000000E+0002  8.13201236514647E+0000
 3.13476562500000E+0002 -6.47501518064841E+0001
 3.12500000000000E+0002 -9.55326111204049E+0001
 3.11523437500000E+0002 -4.92240963032192E+0001
 3.10546875000000E+0002  2.82576277798484E+0001
 3.09570312500000E+0002  6.96267364138435E+0001
 3.08593750000000E+0002  4.12976387210641E+0001
 3.07617187500000E+0002 -3.57979748609628E+0001
 3.06640625000000E+0002 -9.53218208042430E+0001
 3.05664062500000E+0002 -8.01835012353576E+0001
 3.04687500000000E+0002 -9.56209234167761E+0000
 3.03710937500000E+0002  3.74843844317253E+0001
 3.02734375000000E+0002  2.43269585694922E+0001
 3.01757812500000E+0002 -4.04668095400780E-0001
 3.00781250000000E+0002  6.22907691560567E+0000
 2.99804687500000E+0002  2.81644104080129E+0000
 2.98828125000000E+0002 -6.14945947844867E+0001
 2.97851562500000E+0002 -1.36801451993843E+0002
 2.96875000000000E+0002 -1.26456896665912E+0002
 2.95898437500000E+0002 -3.85242639405441E+0001
 2.94921875000000E+0002  1.19729066023006E+0001
 2.93945312500000E+0002 -3.29168324510693E+0001
 2.92968750000000E+0002 -9.92653068570928E+0001
 2.91992187500000E+0002 -1.07510487812237E+0002
 2.91015625000000E+0002 -8.70067850451003E+0001
 2.90039062500000E+0002 -1.01507418019500E+0002
 2.89062500000000E+0002 -1.31450110084747E+0002
 2.88085937500000E+0002 -1.16498854402243E+0002
 2.87109375000000E+0002 -7.10441210458048E+0001
 2.86132812500000E+0002 -6.11553026033333E+0001
 2.85156250000000E+0002 -8.35814371772206E+0001
 2.84179687500000E+0002 -6.56513667608731E+0001
 2.83203125000000E+0002  5.42913734608769E+0000
 2.82226562500000E+0002  4.68141378323132E+0001
 2.81250000000000E+0002  7.71333823105880E+0000
 2.80273437500000E+0002 -4.78073041417196E+0001
 2.79296875000000E+0002 -4.07355706413176E+0001
 2.78320312500000E+0002  1.83565042882259E+0000
 2.77343750000000E+0002 -4.36456449423747E+0000
 2.76367187500000E+0002 -6.74833595426607E+0001
 2.75390625000000E+0002 -1.10237096928012E+0002
 2.74414062500000E+0002 -8.46331768233490E+0001
 2.73437500000000E+0002 -3.12979366652869E+0001
 2.72460937500000E+0002 -1.67835695661302E+0001
 2.71484375000000E+0002 -5.97629452382166E+0001
 2.70507812500000E+0002 -1.28065065375681E+0002
 2.69531250000000E+0002 -1.68556175773460E+0002
 2.68554687500000E+0002 -1.34945674794084E+0002
 2.67578125000000E+0002 -3.05186079724345E+0001
 2.66601562500000E+0002  6.60515891359821E+0001
 2.65625000000000E+0002  6.40223744339095E+0001
 2.64648437500000E+0002 -3.02178907557306E+0001
 2.63671875000000E+0002 -1.09769625365645E+0002
 2.62695312500000E+0002 -9.65054040748030E+0001
 2.61718750000000E+0002 -2.87753491647067E+0001
 2.60742187500000E+0002  1.20510738881879E+0001
 2.59765625000000E+0002  1.27072395467409E+0001
 2.58789062500000E+0002  1.19411976690465E+0001
 2.57812500000000E+0002  1.32955435711550E+0001
 2.56835937500000E+0002 -1.18205740683021E+0001
 2.55859375000000E+0002 -4.86475006464797E+0001
 2.54882812500000E+0002 -4.53755558192350E+0001
 2.53906250000000E+0002 -4.36105296618399E+0000
 2.52929687500000E+0002  5.36126964562712E+0000
 2.51953125000000E+0002 -4.66496443729191E+0001
 2.50976562500000E+0002 -9.79989855506646E+0001
 2.50000000000000E+0002 -8.44519977157984E+0001
 2.49023437500000E+0002 -3.23519387056764E+0001
 2.48046875000000E+0002 -9.59841783176211E+0000
 2.47070312500000E+0002 -2.47513569322105E+0001
 2.46093750000000E+0002 -3.39195396984480E+0001
 2.45117187500000E+0002 -2.33401659644712E+0001
 2.44140625000000E+0002 -2.24432516085809E+0001
 2.43164062500000E+0002 -4.15863803924509E+0001
 2.42187500000000E+0002 -5.45401201781095E+0001
 2.41210937500000E+0002 -4.96812463437628E+0001
 2.40234375000000E+0002 -5.08494888106973E+0001
 2.39257812500000E+0002 -7.39177876382398E+0001
 2.38281250000000E+0002 -1.00340022988173E+0002
 2.37304687500000E+0002 -1.08442250944808E+0002
 2.36328125000000E+0002 -1.01097652071093E+0002
 2.35351562500000E+0002 -9.03772890871540E+0001
 2.34375000000000E+0002 -8.10495129444280E+0001
 2.33398437500000E+0002 -7.83050489762318E+0001
 2.32421875000000E+0002 -8.67346544798778E+0001
 2.31445312500000E+0002 -9.61698359156685E+0001
 2.30468750000000E+0002 -9.47193816319799E+0001
 2.29492187500000E+0002 -9.54899092839120E+0001
 2.28515625000000E+0002 -1.15262959852021E+0002
 2.27539062500000E+0002 -1.28342195291664E+0002
 2.26562500000000E+0002 -9.27343495566261E+0001
 2.25585937500000E+0002 -3.22965808010001E+0001
 2.24609375000000E+0002 -2.93763027254129E+0001
 2.23632812500000E+0002 -1.02788639950829E+0002
 2.22656250000000E+0002 -1.56736536176613E+0002
 2.21679687500000E+0002 -1.08833566308108E+0002
 2.20703125000000E+0002 -1.64728170559591E+0001
 2.19726562500000E+0002  3.54998700765287E+0000
 2.18750000000000E+0002 -5.12857812164021E+0001
 2.17773437500000E+0002 -7.23068673148537E+0001
 2.16796875000000E+0002 -1.48017886833382E+0001
 2.15820312500000E+0002  3.06810011959051E+0001
 2.14843750000000E+0002 -2.14942692408502E+0001
 2.13867187500000E+0002 -1.22907021316203E+0002
 2.12890625000000E+0002 -1.62710776423508E+0002
 2.11914062500000E+0002 -1.14279609360619E+0002
 2.10937500000000E+0002 -4.41812283320517E+0001
 2.09960937500000E+0002 -7.63238057239278E+0000
 2.08984375000000E+0002 -1.65737644616763E+0000
 2.08007812500000E+0002 -8.50118050794549E+0000
 2.07031250000000E+0002 -2.40237335988192E+0001
 2.06054687500000E+0002 -4.00864067749081E+0001
 2.05078125000000E+0002 -4.50178287750229E+0001
 2.04101562500000E+0002 -4.53764801595670E+0001
 2.03125000000000E+0002 -5.07036074538583E+0001
 2.02148437500000E+0002 -4.28581967694373E+0001
 2.01171875000000E+0002 -5.39028866273691E+0000
 2.00195312500000E+0002  2.36236703839518E+0001
 1.99218750000000E+0002 -1.12803802771316E+0001
 1.98242187500000E+0002 -8.51548008675702E+0001
 1.97265625000000E+0002 -1.01002862443556E+0002
 1.96289062500000E+0002 -2.68940299174127E+0001
 1.95312500000000E+0002  4.07688110316562E+0001
 1.94335937500000E+0002  5.35153374940427E+0000
 1.93359375000000E+0002 -8.92414311921387E+0001
 1.92382812500000E+0002 -1.17861201356399E+0002
 1.91406250000000E+0002 -4.76616905451021E+0001
 1.90429687500000E+0002  2.57026430183239E+0001
 1.89453125000000E+0002  1.56148548134024E+0001
 1.88476562500000E+0002 -5.19646108685590E+0001
 1.87500000000000E+0002 -9.27864341450895E+0001
 1.86523437500000E+0002 -6.90093089935298E+0001
 1.85546875000000E+0002 -1.12051888595922E+0001
 1.84570312500000E+0002  2.93966911364756E+0001
 1.83593750000000E+0002  2.54571610440123E+0001
 1.82617187500000E+0002 -8.58566098406993E+0000
 1.81640625000000E+0002 -3.12398033261809E+0001
 1.80664062500000E+0002 -2.53587852929749E+0001
 1.79687500000000E+0002 -2.91805283679801E+0001
 1.78710937500000E+0002 -8.06245030257235E+0001
 1.77734375000000E+0002 -1.40533232490168E+0002
 1.76757812500000E+0002 -1.31264512346000E+0002
 1.75781250000000E+0002 -5.78393854261880E+0001
 1.74804687500000E+0002 -1.68735797346621E+0001
 1.73828125000000E+0002 -5.51929435753617E+0001
 1.72851562500000E+0002 -9.63595334950855E+0001
 1.71875000000000E+0002 -6.30442891241939E+0001
 1.70898437500000E+0002 -2.58385377010944E+0000
 1.69921875000000E+0002 -1.12162319077379E+0001
 1.68945312500000E+0002 -8.46263799882947E+0001
 1.67968750000000E+0002 -1.36627042966516E+0002
 1.66992187500000E+0002 -1.33706724972077E+0002
 1.66015625000000E+0002 -1.10860722961311E+0002
 1.65039062500000E+0002 -7.25561485138579E+0001
 1.64062500000000E+0002  8.81168234508488E+0000
 1.63085937500000E+0002  9.12188635773867E+0001
 1.62109375000000E+0002  8.00881592466328E+0001
 1.61132812500000E+0002 -1.82785443621543E+0001
 1.60156250000000E+0002 -7.40224528641469E+0001
 1.59179687500000E+0002 -2.23288140974192E+0001
 1.58203125000000E+0002  3.21081889986152E+0001
 1.57226562500000E+0002 -1.77409691448117E+0001
 1.56250000000000E+0002 -1.05603714719285E+0002
 1.55273437500000E+0002 -9.82689928071295E+0001
 1.54296875000000E+0002 -1.06123191859440E+0001
 1.53320312500000E+0002  2.19485303786873E+0001
 1.52343750000000E+0002 -4.07025858013475E+0001
 1.51367187500000E+0002 -9.38794220285162E+0001
 1.50390625000000E+0002 -6.48128542218382E+0001
 1.49414062500000E+0002 -9.74841351756726E+0000
 1.48437500000000E+0002  5.31488606647960E+0000
 1.47460937500000E+0002  5.66192219410996E+0000
 1.46484375000000E+0002  2.40281327320447E+0001
 1.45507812500000E+0002  1.26081746147465E+0001
 1.44531250000000E+0002 -6.99421305346590E+0001
 1.43554687500000E+0002 -1.49241583269165E+0002
 1.42578125000000E+0002 -1.17781224163747E+0002
 1.41601562500000E+0002  5.35070380988600E-0001
 1.40625000000000E+0002  6.68202684371498E+0001
 1.39648437500000E+0002  9.42063401941863E+0000
 1.38671875000000E+0002 -9.36418902708373E+0001
 1.37695312500000E+0002 -1.32437738430611E+0002
 1.36718750000000E+0002 -9.48025203403344E+0001
 1.35742187500000E+0002 -4.51671380925744E+0001
 1.34765625000000E+0002 -2.83382773887105E+0001
 1.33789062500000E+0002 -4.05214751141617E+0001
 1.32812500000000E+0002 -6.62812539898117E+0001
 1.31835937500000E+0002 -9.77354239107676E+0001
 1.30859375000000E+0002 -1.22300085640053E+0002
 1.29882812500000E+0002 -1.23361924702981E+0002
 1.28906250000000E+0002 -9.99968614740090E+0001
 1.27929687500000E+0002 -7.30977574358457E+0001
 1.26953125000000E+0002 -6.68260950270523E+0001
 1.25976562500000E+0002 -8.40205637442208E+0001
 1.25000000000000E+0002 -9.79908575728379E+0001
 1.24023437500000E+0002 -7.61576975797721E+0001
 1.23046875000000E+0002 -2.33683870951076E+0001
 1.22070312500000E+0002  9.14712292755837E+0000
 1.21093750000000E+0002 -1.84554560279016E+0001
 1.20117187500000E+0002 -7.61055315750202E+0001
 1.19140625000000E+0002 -9.79099166037807E+0001
 1.18164062500000E+0002 -7.35983367130241E+0001
 1.17187500000000E+0002 -5.93961264591380E+0001
 1.16210937500000E+0002 -8.40362149763694E+0001
 1.15234375000000E+0002 -9.80340096548745E+0001
 1.14257812500000E+0002 -5.42317563650927E+0001
 1.13281250000000E+0002  7.52011167759062E+0000
 1.12304687500000E+0002  1.27962238962018E+0001
 1.11328125000000E+0002 -3.86495904133453E+0001
 1.10351562500000E+0002 -7.87112009600351E+0001
 1.09375000000000E+0002 -7.09877744145243E+0001
 1.08398437500000E+0002 -4.13185227952667E+0001
 1.07421875000000E+0002 -1.36701038200084E+0001
 1.06445312500000E+0002  1.63460759975721E+0001
 1.05468750000000E+0002  3.68978534213885E+0001
 1.04492187500000E+0002  1.87899873533980E+0001
 1.03515625000000E+0002 -2.07458046810689E+0001
 1.02539062500000E+0002 -2.06661824194327E+0001
 1.01562500000000E+0002  2.69484013189211E+0001
 1.00585937500000E+0002  4.91876286911018E+0001
 9.96093750000000E+0001  3.72224298263956E+0000
 9.86328125000000E+0001 -4.75761653173145E+0001
 9.76562500000000E+0001 -3.48828108822881E+0001
 9.66796875000000E+0001  6.95278879096770E+0000
 9.57031250000000E+0001 -4.52505148901781E+0000
 9.47265625000000E+0001 -7.05235898790329E+0001
 9.37500000000000E+0001 -1.17597424968456E+0002
 9.27734375000000E+0001 -1.06894365739445E+0002
 9.17968750000000E+0001 -6.14663054299345E+0001
 9.08203125000000E+0001 -6.17513862045428E+0000
 8.98437500000000E+0001  4.26150097520483E+0001
 8.88671875000000E+0001  4.72731693478560E+0001
 8.78906250000000E+0001 -6.72566523474131E+0000
 8.69140625000000E+0001 -5.25498919191897E+0001
 8.59375000000000E+0001 -2.19776894108313E+0001
 8.49609375000000E+0001  2.90862355351609E+0001
 8.39843750000000E+0001 -1.16137221828661E+0001
 8.30078125000000E+0001 -1.18191986209998E+0002
 8.20312500000000E+0001 -1.38116646186063E+0002
 8.10546875000000E+0001 -3.46713358654903E+0001
 8.00781250000000E+0001  3.18514353706813E+0001
 7.91015625000000E+0001 -5.05847928237350E+0001
 7.81250000000000E+0001 -1.59783616991202E+0002
 7.71484375000000E+0001 -1.31034874572713E+0002
 7.61718750000000E+0001 -2.48155398282919E+0001
 7.51953125000000E+0001 -2.95478895703675E+0001
 7.42187500000000E+0001 -1.54713595264535E+0002
 7.32421875000000E+0001 -2.13975891137561E+0002
 7.22656250000000E+0001 -1.20440426451592E+0002
 7.12890625000000E+0001 -1.63954077869990E+0001
 7.03125000000000E+0001 -4.60704193417623E+0001
 6.93359375000000E+0001 -1.46439096541825E+0002
 6.83593750000000E+0001 -1.65112286209811E+0002
 6.73828125000000E+0001 -8.83526558305844E+0001
 6.64062500000000E+0001 -3.69588649634490E+0001
 6.54296875000000E+0001 -8.07760392851190E+0001
 6.44531250000000E+0001 -1.58416552117345E+0002
 6.34765625000000E+0001 -1.75578086281436E+0002
 6.25000000000000E+0001 -1.15790174460661E+0002
 6.15234375000000E+0001 -4.60267835550627E+0001
 6.05468750000000E+0001 -4.54892367984761E+0001
 5.95703125000000E+0001 -1.27101213115566E+0002
 5.85937500000000E+0001 -2.18390806492023E+0002
 5.76171875000000E+0001 -2.41978124648097E+0002
 5.66406250000000E+0001 -2.16262656443410E+0002
 5.56640625000000E+0001 -2.24376495635427E+0002
 5.46875000000000E+0001 -2.71686214996441E+0002
 5.37109375000000E+0001 -2.58136934883738E+0002
 5.27343750000000E+0001 -1.45358749877289E+0002
 5.17578125000000E+0001 -6.25951535672127E+0001
 5.07812500000000E+0001 -1.41929685525724E+0002
 4.98046875000000E+0001 -3.05652695918716E+0002
 4.88281250000000E+0001 -3.53078645866333E+0002
 4.78515625000000E+0001 -2.45167287760824E+0002
 4.68750000000000E+0001 -1.55602621356788E+0002
 4.58984375000000E+0001 -2.07321123007955E+0002
 4.49218750000000E+0001 -3.05954533356621E+0002
 4.39453125000000E+0001 -3.18278459861773E+0002
 4.29687500000000E+0001 -2.87466940682692E+0002
 4.19921875000000E+0001 -3.37123654806712E+0002
 4.10156250000000E+0001 -4.45600891830302E+0002
 4.00390625000000E+0001 -4.81133891898287E+0002
 3.90625000000000E+0001 -4.34400908781408E+0002
 3.80859375000000E+0001 -4.44201602865889E+0002
 3.71093750000000E+0001 -5.64540535968001E+0002
 3.61328125000000E+0001 -6.68027851632716E+0002
 3.51562500000000E+0001 -6.56625748744009E+0002
 3.41796875000000E+0001 -6.28966123737407E+0002
 3.32031250000000E+0001 -7.19013327146316E+0002
 3.22265625000000E+0001 -8.69521140754414E+0002
 3.12500000000000E+0001 -9.13604912531530E+0002
 3.02734375000000E+0001 -8.28284297006860E+0002
 2.92968750000000E+0001 -7.52784278557103E+0002
 2.83203125000000E+0001 -7.68334099988241E+0002
 2.73437500000000E+0001 -8.13047028321690E+0002
 2.63671875000000E+0001 -8.37580682179244E+0002
 2.53906250000000E+0001 -8.94201015065748E+0002
 2.44140625000000E+0001 -1.00372801794667E+0003
 2.34375000000000E+0001 -1.06105845437052E+0003
 2.24609375000000E+0001 -9.78494339234582E+0002
 2.14843750000000E+0001 -8.44595802132135E+0002
 2.05078125000000E+0001 -8.31560557042238E+0002
 1.95312500000000E+0001 -9.83079187071811E+0002
 1.85546875000000E+0001 -1.18433496288289E+0003
 1.75781250000000E+0001 -1.31945975171773E+0003
 1.66015625000000E+0001 -1.38279428047357E+0003
 1.56250000000000E+0001 -1.45069898043204E+0003
 1.46484375000000E+0001 -1.60867160040744E+0003
 1.36718750000000E+0001 -1.89226505415815E+0003
 1.26953125000000E+0001 -2.24393179673449E+0003
 1.17187500000000E+0001 -2.54397297578414E+0003
 1.07421875000000E+0001 -2.72888466514050E+0003
 9.76562500000000E+0000 -2.84748153640663E+0003
 8.78906250000000E+0000 -2.95434285441498E+0003
 7.81250000000000E+0000 -3.00563590721749E+0003
 6.83593750000000E+0000 -2.93894373940973E+0003
 5.85937500000000E+0000 -2.79813649404386E+0003
 4.88281250000000E+0000 -2.66418410130869E+0003
 3.90625000000000E+0000 -2.49839004204946E+0003
 2.92968750000000E+0000 -2.19897604767480E+0003
 1.95312500000000E+0000 -1.82065208927404E+0003
 9.76562500000000E-0001 -1.58546649663246E+0003
 0.00000000000000E+0000 -1.61171642025374E+0003
-9.76562500000000E-0001 -1.74850335490204E+0003
-1.95312500000000E+0000 -1.76316934829183E+0003
-2.92968750000000E+0000 -1.60863533946879E+0003
-3.90625000000000E+0000 -1.41731799071561E+0003
-4.88281250000000E+0000 -1.29596983720495E+0003
-5.85937500000000E+0000 -1.23166838128744E+0003
-6.83593750000000E+0000 -1.18188235144427E+0003
-7.81250000000000E+0000 -1.16623660911489E+0003
-8.78906250000000E+0000 -1.23803959918896E+0003
-9.76562500000000E+0000 -1.39104394620407E+0003
-1.07421875000000E+0001 -1.51732236197931E+0003
-1.17187500000000E+0001 -1.48815729854577E+0003
-1.26953125000000E+0001 -1.30881574637591E+0003
-1.36718750000000E+0001 -1.15682376063089E+0003
-1.46484375000000E+0001 -1.18982332548664E+0003
-1.56250000000000E+0001 -1.33807809120981E+0003
-1.66015625000000E+0001 -1.40068909155216E+0003
-1.75781250000000E+0001 -1.34959615764498E+0003
-1.85546875000000E+0001 -1.38930866975784E+0003
-1.95312500000000E+0001 -1.66292588218865E+0003
-2.05078125000000E+0001 -2.05995098348360E+0003
-2.14843750000000E+0001 -2.42863570578943E+0003
-2.24609375000000E+0001 -2.83605053217970E+0003
-2.34375000000000E+0001 -3.45050774321882E+0003
-2.44140625000000E+0001 -4.26165819495967E+0003
-2.53906250000000E+0001 -5.10799028303671E+0003
-2.63671875000000E+0001 -5.93359496364849E+0003
-2.73437500000000E+0001 -6.82202716432817E+0003
-2.83203125000000E+0001 -7.78339498288602E+0003
-2.92968750000000E+0001 -8.69629017824084E+0003
-3.02734375000000E+0001 -9.48089408777307E+0003
-3.12500000000000E+0001 -1.01480806751025E+0004
-3.22265625000000E+0001 -1.06377934706003E+0004
-3.32031250000000E+0001 -1.07983691696849E+0004
-3.41796875000000E+0001 -1.06053576988715E+0004
-3.51562500000000E+0001 -1.02231434996964E+0004
-3.61328125000000E+0001 -9.73956654036578E+0003
-3.71093750000000E+0001 -9.01161537551756E+0003
-3.80859375000000E+0001 -7.93595220505227E+0003
-3.90625000000000E+0001 -6.73499716212549E+0003
-4.00390625000000E+0001 -5.76528125942112E+0003
-4.10156250000000E+0001 -5.10580252564410E+0003
-4.19921875000000E+0001 -4.53895476120653E+0003
-4.29687500000000E+0001 -3.91669717363088E+0003
-4.39453125000000E+0001 -3.33805373108627E+0003
-4.49218750000000E+0001 -2.92848564509764E+0003
-4.58984375000000E+0001 -2.63370371628572E+0003
-4.68750000000000E+0001 -2.33111812077519E+0003
-4.78515625000000E+0001 -2.01862723074191E+0003
-4.88281250000000E+0001 -1.77893196408676E+0003
-4.98046875000000E+0001 -1.62787230596488E+0003
-5.07812500000000E+0001 -1.49934867894394E+0003
-5.17578125000000E+0001 -1.34616109353401E+0003
-5.27343750000000E+0001 -1.17954573052330E+0003
-5.37109375000000E+0001 -1.02781896378542E+0003
-5.46875000000000E+0001 -9.08734027995411E+0002
-5.56640625000000E+0001 -8.24508120437489E+0002
-5.66406250000000E+0001 -7.49249143172521E+0002
-5.76171875000000E+0001 -6.51636627220928E+0002
-5.85937500000000E+0001 -5.59118521324233E+0002
-5.95703125000000E+0001 -5.48412564288053E+0002
-6.05468750000000E+0001 -6.25725055871314E+0002
-6.15234375000000E+0001 -6.75342569570668E+0002
-6.25000000000000E+0001 -6.00480340252225E+0002
-6.34765625000000E+0001 -4.64201895240666E+0002
-6.44531250000000E+0001 -3.92055553369168E+0002
-6.54296875000000E+0001 -3.71121573331261E+0002
-6.64062500000000E+0001 -2.78737886533813E+0002
-6.73828125000000E+0001 -1.17269058881094E+0002
-6.83593750000000E+0001 -6.59005104616259E+0001
-6.93359375000000E+0001 -2.19954459460736E+0002
-7.03125000000000E+0001 -4.04401361818136E+0002
-7.12890625000000E+0001 -3.80356614561559E+0002
-7.22656250000000E+0001 -1.69811333312288E+0002
-7.32421875000000E+0001 -2.37821889394681E+0001
-7.42187500000000E+0001 -8.10292046111003E+0001
-7.51953125000000E+0001 -2.10909225105835E+0002
-7.61718750000000E+0001 -2.34855485185750E+0002
-7.71484375000000E+0001 -1.66224569271661E+0002
-7.81250000000000E+0001 -1.37056338469342E+0002
-7.91015625000000E+0001 -1.80818595575720E+0002
-8.00781250000000E+0001 -2.11642658004893E+0002
-8.10546875000000E+0001 -1.83429321461063E+0002
-8.20312500000000E+0001 -1.50487706697635E+0002
-8.30078125000000E+0001 -1.61394825139995E+0002
-8.39843750000000E+0001 -1.88206929785006E+0002
-8.49609375000000E+0001 -1.91567360593361E+0002
-8.59375000000000E+0001 -1.80921436063742E+0002
-8.69140625000000E+0001 -1.67690952109304E+0002
-8.78906250000000E+0001 -1.20334448552079E+0002
-8.88671875000000E+0001 -2.41143564816571E+0001
-8.98437500000000E+0001  5.52884843975865E+0001
-9.08203125000000E+0001  3.63733605669366E+0001
-9.17968750000000E+0001 -6.36511492215691E+0001
-9.27734375000000E+0001 -1.44487590408000E+0002
-9.37500000000000E+0001 -1.58698636145466E+0002
-9.47265625000000E+0001 -1.66725701602098E+0002
-9.57031250000000E+0001 -2.23729897761764E+0002
-9.66796875000000E+0001 -2.70103825872533E+0002
-9.76562500000000E+0001 -2.06973189132513E+0002
-9.86328125000000E+0001 -6.28672144301669E+0001
-9.96093750000000E+0001  2.78795421622618E+0000
-1.00585937500000E+0002 -1.01641962481173E+0002
-1.01562500000000E+0002 -2.64850289363939E+0002
-1.02539062500000E+0002 -3.05267249713403E+0002
-1.03515625000000E+0002 -2.02423381688046E+0002
-1.04492187500000E+0002 -1.08133461521585E+0002
-1.05468750000000E+0002 -1.30038103277474E+0002
-1.06445312500000E+0002 -2.01364096200386E+0002
-1.07421875000000E+0002 -2.03854627557101E+0002
-1.08398437500000E+0002 -1.32827971225955E+0002
-1.09375000000000E+0002 -6.71087280306468E+0001
-1.10351562500000E+0002 -3.60438230721389E+0001
-1.11328125000000E+0002 -8.43085815450956E+0000
-1.12304687500000E+0002  1.71045790874737E+0001
-1.13281250000000E+0002  6.75037210964769E+0000
-1.14257812500000E+0002 -2.79723692956024E+0001
-1.15234375000000E+0002 -3.22802573928951E+0001
-1.16210937500000E+0002 -1.09677076734539E+0000
-1.17187500000000E+0002  9.05322544592056E+0000
-1.18164062500000E+0002 -2.34468622990924E+0001
-1.19140625000000E+0002 -5.47399598667226E+0001
-1.20117187500000E+0002 -6.23334912687617E+0001
-1.21093750000000E+0002 -8.08090592509987E+0001
-1.22070312500000E+0002 -1.18584398019423E+0002
-1.23046875000000E+0002 -1.21633266888010E+0002
-1.24023437500000E+0002 -6.41587684813694E+0001
-1.25000000000000E+0002  5.32050489622424E+0000
-1.25976562500000E+0002  5.59435429457012E+0001
-1.26953125000000E+0002  1.17217321247345E+0002
-1.27929687500000E+0002  1.63678958061669E+0002
-1.28906250000000E+0002  7.51092237702337E+0001
-1.29882812500000E+0002 -1.64488514595296E+0002
-1.30859375000000E+0002 -3.30957218768928E+0002
-1.31835937500000E+0002 -2.06389282793777E+0002
-1.32812500000000E+0002  8.39388541603827E+0001
-1.33789062500000E+0002  1.88990256310506E+0002
-1.34765625000000E+0002  1.03911571452363E+0000
-1.35742187500000E+0002 -2.06541051647097E+0002
-1.36718750000000E+0002 -1.85475964709806E+0002
-1.37695312500000E+0002 -4.63893287660617E+0001
-1.38671875000000E+0002 -3.50767308990957E+0001
-1.39648437500000E+0002 -1.44175423852888E+0002
-1.40625000000000E+0002 -1.67272288708711E+0002
-1.41601562500000E+0002 -5.41493747674490E+0001
-1.42578125000000E+0002  2.83920959166386E+0001
-1.43554687500000E+0002 -1.18006006627938E+0001
-1.44531250000000E+0002 -6.21899503493338E+0001
-1.45507812500000E+0002 -2.63856186102418E+0001
-1.46484375000000E+0002  1.60276155803534E+0001
-1.47460937500000E+0002 -2.48172710708915E+0001
-1.48437500000000E+0002 -7.65459860884372E+0001
-1.49414062500000E+0002 -3.50686813236114E+0001
-1.50390625000000E+0002  4.21615533471089E+0001
-1.51367187500000E+0002  2.87075544310410E+0001
-1.52343750000000E+0002 -5.44506404979749E+0001
-1.53320312500000E+0002 -8.08925100321480E+0001
-1.54296875000000E+0002 -4.55508348841161E+0001
-1.55273437500000E+0002 -7.26952012353540E+0001
-1.56250000000000E+0002 -1.79484047324623E+0002
-1.57226562500000E+0002 -2.06462525300089E+0002
-1.58203125000000E+0002 -6.21240608217297E+0001
-1.59179687500000E+0002  1.03109405044328E+0002
-1.60156250000000E+0002  8.56767202582870E+0001
-1.61132812500000E+0002 -9.62597008768026E+0001
-1.62109375000000E+0002 -2.42645056213110E+0002
-1.63085937500000E+0002 -2.36227068381359E+0002
-1.64062500000000E+0002 -1.40876943961519E+0002
-1.65039062500000E+0002 -5.47463536886606E+0001
-1.66015625000000E+0002  5.23733389346538E+0000
-1.66992187500000E+0002  4.90981696595921E+0001
-1.67968750000000E+0002  5.43776310118762E+0001
-1.68945312500000E+0002  1.72546760325050E+0001
-1.69921875000000E+0002 -7.72189834371130E+0000
-1.70898437500000E+0002  2.33325689829850E+0001
-1.71875000000000E+0002  7.91751188139341E+0001
-1.72851562500000E+0002  1.03571290810794E+0002
-1.73828125000000E+0002  9.14189800575169E+0001
-1.74804687500000E+0002  7.19978904420979E+0001
-1.75781250000000E+0002  5.15586629650156E+0001
-1.76757812500000E+0002  1.85739553892951E+0001
-1.77734375000000E+0002 -2.10555056446767E+0001
-1.78710937500000E+0002 -5.75667666128173E+0001
-1.79687500000000E+0002 -1.00473054324646E+0002
-1.80664062500000E+0002 -1.44713155363703E+0002
-1.81640625000000E+0002 -1.43573541308947E+0002
-1.82617187500000E+0002 -7.08712236093546E+0001
-1.83593750000000E+0002  1.57730661293330E+0001
-1.84570312500000E+0002  4.37789676346826E+0001
-1.85546875000000E+0002  4.15362018242260E+0001
-1.86523437500000E+0002  9.56460486849553E+0001
-1.87500000000000E+0002  1.83308450216198E+0002
-1.88476562500000E+0002  1.55725205931346E+0002
-1.89453125000000E+0002 -4.77084269893059E+0001
-1.90429687500000E+0002 -2.56095230346908E+0002
-1.91406250000000E+0002 -2.46942982228282E+0002
-1.92382812500000E+0002 -3.53809971164673E+0001
-1.93359375000000E+0002  1.33118593629186E+0002
-1.94335937500000E+0002  9.05305906518810E+0001
-1.95312500000000E+0002 -6.35426328323639E+0001
-1.96289062500000E+0002 -1.31734000501167E+0002
-1.97265625000000E+0002 -8.32485559722161E+0001
-1.98242187500000E+0002 -4.83365565456598E+0001
-1.99218750000000E+0002 -9.86998072297012E+0001
-2.00195312500000E+0002 -1.59170709258273E+0002
-2.01171875000000E+0002 -1.51253260213525E+0002
-2.02148437500000E+0002 -1.11282633048330E+0002
-2.03125000000000E+0002 -1.04621993391521E+0002
-2.04101562500000E+0002 -1.04201162223172E+0002
-2.05078125000000E+0002 -4.39523145183507E+0001
-2.06054687500000E+0002  5.14117225807564E+0001
-2.07031250000000E+0002  9.02619649874441E+0001
-2.08007812500000E+0002  5.72425538259001E+0001
-2.08984375000000E+0002  3.26461642060096E+0001
-2.09960937500000E+0002  5.10455230972275E+0001
-2.10937500000000E+0002  3.90183066088603E+0001
-2.11914062500000E+0002 -5.60882941904268E+0001
-2.12890625000000E+0002 -1.61381266277530E+0002
-2.13867187500000E+0002 -1.82141526625504E+0002
-2.14843750000000E+0002 -1.47283484391605E+0002
-2.15820312500000E+0002 -1.49016687407057E+0002
-2.16796875000000E+0002 -1.72093237476349E+0002
-2.17773437500000E+0002 -1.07305536965331E+0002
-2.18750000000000E+0002  5.17944154547621E+0001
-2.19726562500000E+0002  1.48972535399052E+0002
-2.20703125000000E+0002  6.82188289919893E+0001
-2.21679687500000E+0002 -9.20930333083389E+0001
-2.22656250000000E+0002 -1.42026031101396E+0002
-2.23632812500000E+0002 -4.88838748758387E+0001
-2.24609375000000E+0002  4.07097481043547E+0001
-2.25585937500000E+0002  1.83362809946410E+0001
-2.26562500000000E+0002 -5.06540945554295E+0001
-2.27539062500000E+0002 -4.57470848234468E+0001
-2.28515625000000E+0002  3.32422857644640E+0001
-2.29492187500000E+0002  8.01255445507959E+0001
-2.30468750000000E+0002  4.15056553829026E+0001
-2.31445312500000E+0002 -9.95473886353727E+0000
-2.32421875000000E+0002  2.33474317796767E+0001
-2.33398437500000E+0002  1.32238097715549E+0002
-2.34375000000000E+0002  2.05173176401454E+0002
-2.35351562500000E+0002  1.59290148040130E+0002
-2.36328125000000E+0002  4.00648144290989E+0001
-2.37304687500000E+0002 -3.09398820390529E+0001
-2.38281250000000E+0002 -2.96576983044406E+0000
-2.39257812500000E+0002  4.19487034395717E+0001
-2.40234375000000E+0002 -8.87503166673582E-0001
-2.41210937500000E+0002 -1.11982960978928E+0002
-2.42187500000000E+0002 -1.65248783004094E+0002
-2.43164062500000E+0002 -9.60704468727399E+0001
-2.44140625000000E+0002  1.36368891712986E+0001
-2.45117187500000E+0002  5.73333661628060E+0001
-2.46093750000000E+0002  4.90278014068814E+0001
-2.47070312500000E+0002  6.71826796230479E+0001
-2.48046875000000E+0002  9.06928951349002E+0001
-2.49023437500000E+0002  1.10892206586709E+0001
-2.50000000000000E+0002 -1.66498435160126E+0002
-2.50976562500000E+0002 -2.57312090504620E+0002
-2.51953125000000E+0002 -1.26370191006897E+0002
-2.52929687500000E+0002  9.37910913627674E+0001
-2.53906250000000E+0002  1.44548227784513E+0002
-2.54882812500000E+0002 -2.22693214455012E+0001
-2.55859375000000E+0002 -1.86334771343224E+0002
-2.56835937500000E+0002 -1.62802164721143E+0002
-2.57812500000000E+0002 -3.00634848591035E+0001
-2.58789062500000E+0002  2.42090168849323E+0001
-2.59765625000000E+0002 -2.65127677636125E+0001
-2.60742187500000E+0002 -5.83542639474027E+0001
-2.61718750000000E+0002 -1.86978455944245E+0001
-2.62695312500000E+0002  1.19132236256638E+0001
-2.63671875000000E+0002 -1.94953383274633E+0001
-2.64648437500000E+0002 -5.34835612072603E+0001
-2.65625000000000E+0002 -3.85456343872137E+0001
-2.66601562500000E+0002 -2.17935753276046E+0001
-2.67578125000000E+0002 -4.83168179838850E+0001
-2.68554687500000E+0002 -6.36741619932384E+0001
-2.69531250000000E+0002 -1.14993843117109E+0001
-2.70507812500000E+0002  4.09346578292639E+0001
-2.71484375000000E+0002 -1.02290069998356E+0001
-2.72460937500000E+0002 -1.30405763871568E+0002
-2.73437500000000E+0002 -1.83853674137026E+0002
-2.74414062500000E+0002 -1.39575901108375E+0002
-2.75390625000000E+0002 -1.07455759592634E+0002
-2.76367187500000E+0002 -1.39399044156945E+0002
-2.77343750000000E+0002 -1.31574792876229E+0002
-2.78320312500000E+0002 -7.37923356677140E+0000
-2.79296875000000E+0002  1.15796816230005E+0002
-2.80273437500000E+0002  7.23566778968666E+0001
-2.81250000000000E+0002 -9.94237503685809E+0001
-2.82226562500000E+0002 -1.93674835762914E+0002
-2.83203125000000E+0002 -1.13414399205046E+0002
-2.84179687500000E+0002  2.47147316810829E+0001
-2.85156250000000E+0002  8.32157843649800E+0001
-2.86132812500000E+0002  7.10714118261008E+0001
-2.87109375000000E+0002  6.14398646578244E+0001
-2.88085937500000E+0002  5.75637506375782E+0001
-2.89062500000000E+0002  3.38731821049746E+0001
-2.90039062500000E+0002  2.82334758446341E+0001
-2.91015625000000E+0002  8.24653498111111E+0001
-2.91992187500000E+0002  1.39927616559558E+0002
-2.92968750000000E+0002  1.15243230587055E+0002
-2.93945312500000E+0002  3.88809561043013E+0001
-2.94921875000000E+0002  1.59666898995594E+0001
-2.95898437500000E+0002  5.00214411307088E+0001
-2.96875000000000E+0002  3.41019633513061E+0001
-2.97851562500000E+0002 -6.24105379709725E+0001
-2.98828125000000E+0002 -1.27595618757138E+0002
-2.99804687500000E+0002 -8.30984605615150E+0001
-3.00781250000000E+0002 -9.55063796073051E+0000
-3.01757812500000E+0002 -1.08774965311497E+0001
-3.02734375000000E+0002 -5.04518840236530E+0001
-3.03710937500000E+0002 -3.04583390521058E+0001
-3.04687500000000E+0002  3.97237189685748E+0001
-3.05664062500000E+0002  7.91521427245409E+0001
-3.06640625000000E+0002  8.63015364377598E+0001
-3.07617187500000E+0002  1.11561258873995E+0002
-3.08593750000000E+0002  1.06615959029964E+0002
-3.09570312500000E+0002 -3.01988604420890E+0001
-3.10546875000000E+0002 -2.36284108003148E+0002
-3.11523437500000E+0002 -2.87892911671398E+0002
-3.12500000000000E+0002 -1.05598885996622E+0002
-3.13476562500000E+0002  8.98744114452488E+0001
-3.14453125000000E+0002  5.53919930116805E+0001
-3.15429687500000E+0002 -1.48104859928060E+0002
-3.16406250000000E+0002 -2.62895329407479E+0002
-3.17382812500000E+0002 -2.01062543228892E+0002
-3.18359375000000E+0002 -1.19699024867032E+0002
-3.19335937500000E+0002 -1.36578669052919E+0002
-3.20312500000000E+0002 -1.62351874519650E+0002
-3.21289062500000E+0002 -8.53480720390753E+0001
-3.22265625000000E+0002  3.17989182854626E+0001
-3.23242187500000E+0002  6.12437392534766E+0001
-3.24218750000000E+0002  1.78906257130915E+0001
-3.25195312500000E+0002  1.95017937745529E+0001
-3.26171875000000E+0002  8.40812638290543E+0001
-3.27148437500000E+0002  1.05936756888938E+0002
-3.28125000000000E+0002  3.50978047848118E+0001
-3.29101562500000E+0002 -4.49681598046490E+0001
-3.30078125000000E+0002 -5.72795148241301E+0001
-3.31054687500000E+0002 -4.55944220755211E+0001
-3.32031250000000E+0002 -8.21840891291664E+0001
-3.33007812500000E+0002 -1.36647746701603E+0002
-3.33984375000000E+0002 -1.24310722293650E+0002
-3.34960937500000E+0002 -4.73120201845849E+0001
-3.35937500000000E+0002  4.44336891451258E+0000
-3.36914062500000E+0002 -1.07112185670387E+0001
-3.37890625000000E+0002 -3.34568486728148E+0001
-3.38867187500000E+0002 -1.05282231249254E+0001
-3.39843750000000E+0002  1.64924753177242E+0001
-3.40820312500000E+0002 -2.02201902337023E+0001
-3.41796875000000E+0002 -1.01148518348867E+0002
-3.42773437500000E+0002 -1.36691129200055E+0002
-3.43750000000000E+0002 -8.52252219793365E+0001
-3.44726562500000E+0002  2.03160092583727E+0000
-3.45703125000000E+0002  5.99772798755887E+0001
-3.46679687500000E+0002  8.38857733382458E+0001
-3.47656250000000E+0002  1.01871086933463E+0002
-3.48632812500000E+0002  1.12892452609404E+0002
-3.49609375000000E+0002  9.41180725413293E+0001
-3.50585937500000E+0002  5.53815275527491E+0001
-3.51562500000000E+0002  4.23827037285731E+0001
-3.52539062500000E+0002  7.58018228991633E+0001
-3.53515625000000E+0002  1.16552067140199E+0002
-3.54492187500000E+0002  1.10715787831832E+0002
-3.55468750000000E+0002  5.38699421110576E+0001
-3.56445312500000E+0002 -8.80862540445293E+0000
-3.57421875000000E+0002 -4.01933686090738E+0001
-3.58398437500000E+0002 -4.94651944207669E+0001
-3.59375000000000E+0002 -6.83935064625232E+0001
-3.60351562500000E+0002 -1.02161983354236E+0002
-3.61328125000000E+0002 -1.16251814778794E+0002
-3.62304687500000E+0002 -7.56416371896068E+0001
-3.63281250000000E+0002  7.33288053999851E+0000
-3.64257812500000E+0002  7.53503834034663E+0001
-3.65234375000000E+0002  8.56506548824537E+0001
-3.66210937500000E+0002  5.81193272152600E+0001
-3.67187500000000E+0002  4.19039930717340E+0001
-3.68164062500000E+0002  3.67156242421503E+0001
-3.69140625000000E+0002 -1.21161158857142E+0001
-3.70117187500000E+0002 -1.15818297949649E+0002
-3.71093750000000E+0002 -1.82491500914504E+0002
-3.72070312500000E+0002 -1.17472349115330E+0002
-3.73046875000000E+0002  2.98782800625880E+0001
-3.74023437500000E+0002  9.74196064516879E+0001
-3.75000000000000E+0002  1.12963082789760E+0001
-3.75976562500000E+0002 -1.16462527769659E+0002
-3.76953125000000E+0002 -1.40992440752997E+0002
-3.77929687500000E+0002 -7.17308390285160E+0001
-3.78906250000000E+0002 -2.87547150826070E+0001
-3.79882812500000E+0002 -5.60864722308567E+0001
-3.80859375000000E+0002 -8.30194639012486E+0001
-3.81835937500000E+0002 -6.52802687615222E+0001
-3.82812500000000E+0002 -5.26858353695279E+0001
-3.83789062500000E+0002 -8.15078777172254E+0001
-3.84765625000000E+0002 -9.79937962113977E+0001
-3.85742187500000E+0002 -5.24730918858439E+0001
-3.86718750000000E+0002  6.87290061816293E+0000
-3.87695312500000E+0002  1.12597305263403E+0001
-3.88671875000000E+0002 -1.73366405372055E+0001
-3.89648437500000E+0002 -1.91276988217097E+0001
-3.90625000000000E+0002 -1.39854268426183E+0001
-3.91601562500000E+0002 -6.37322101453313E+0001
-3.92578125000000E+0002 -1.42971229203124E+0002
-3.93554687500000E+0002 -1.59860923809724E+0002
-3.94531250000000E+0002 -1.04704990306364E+0002
-3.95507812500000E+0002 -6.37533707268047E+0001
-3.96484375000000E+0002 -6.62609458487486E+0001
-3.97460937500000E+0002 -3.83417123039503E+0001
-3.98437500000000E+0002  4.31496897815890E+0001
-3.99414062500000E+0002  7.23272316116559E+0001
-4.00390625000000E+0002 -2.19503359892801E+0001
-4.01367187500000E+0002 -1.32838588296323E+0002
-4.02343750000000E+0002 -1.13072826047309E+0002
-4.03320312500000E+0002  9.65214317398011E+0000
-4.04296875000000E+0002  8.32385745936821E+0001
-4.05273437500000E+0002  5.85471396850037E+0001
-4.06250000000000E+0002  2.77382031748881E+0001
-4.07226562500000E+0002  4.47307718508237E+0001
-4.08203125000000E+0002  5.36284263536459E+0001
-4.09179687500000E+0002  2.46469555156534E+0001
-4.10156250000000E+0002  2.13085527955257E+0001
-4.11132812500000E+0002  6.94687347752808E+0001
-4.12109375000000E+0002  8.41059988610022E+0001
-4.13085937500000E+0002  1.62651427005149E+0001
-4.14062500000000E+0002 -3.56170194151142E+0001
-4.15039062500000E+0002  2.16984177201394E+0001
-4.16015625000000E+0002  9.92840006785471E+0001
-4.16992187500000E+0002  4.83309178224588E+0001
-4.17968750000000E+0002 -9.18597350251763E+0001
-4.18945312500000E+0002 -1.37268699585207E+0002
-4.19921875000000E+0002 -4.78519691786698E+0001
-4.20898437500000E+0002  3.96141516948205E+0000
-4.21875000000000E+0002 -9.12575448681337E+0001
-4.22851562500000E+0002 -1.96415296070501E+0002
-4.23828125000000E+0002 -1.30354787298532E+0002
-4.24804687500000E+0002  6.19962024932689E+0001
-4.25781250000000E+0002  1.81105416269997E+0002
-4.26757812500000E+0002  1.46809889412016E+0002
-4.27734375000000E+0002  5.36583309894120E+0001
-4.28710937500000E+0002 -1.76867517267210E+0001
-4.29687500000000E+0002 -8.70874413396581E+0001
-4.30664062500000E+0002 -1.52051718778325E+0002
-4.31640625000000E+0002 -1.26908579982271E+0002
-4.32617187500000E+0002  1.71327466833692E+0001
-4.33593750000000E+0002  1.52847431531821E+0002
-4.34570312500000E+0002  1.37311416382099E+0002
-4.35546875000000E+0002 -1.68888651654390E+0000
-4.36523437500000E+0002 -1.08692521732787E+0002
-4.37500000000000E+0002 -9.83157927361530E+0001
-4.38476562500000E+0002 -2.47377531246889E+0001
-4.39453125000000E+0002  3.11752261968454E+0001
-4.40429687500000E+0002  5.55114438189896E+0001
-4.41406250000000E+0002  6.78954877229415E+0001
-4.42382812500000E+0002  6.85289697526535E+0001
-4.43359375000000E+0002  5.45340792519065E+0001
-4.44335937500000E+0002  4.27348725085862E+0001
-4.45312500000000E+0002  4.14449356097766E+0001
-4.46289062500000E+0002  3.09071766630759E+0001
-4.47265625000000E+0002  5.39135646020213E-0001
-4.48242187500000E+0002 -2.31247829706213E+0001
-4.49218750000000E+0002 -1.73695871617842E+0001
-4.50195312500000E+0002 -7.87325057057768E+0000
-4.51171875000000E+0002 -3.34181789519469E+0001
-4.52148437500000E+0002 -7.86897124826425E+0001
-4.53125000000000E+0002 -8.54171706788709E+0001
-4.54101562500000E+0002 -3.48773033450789E+0001
-4.55078125000000E+0002  2.01488483510813E+0001
-4.56054687500000E+0002  2.67860989257081E+0001
-4.57031250000000E+0002  6.50736004925173E+0000
-4.58007812500000E+0002  2.17274771462559E+0001
-4.58984375000000E+0002  7.66059655756537E+0001
-4.59960937500000E+0002  9.61949986309577E+0001
-4.60937500000000E+0002  2.69106511210621E+0001
-4.61914062500000E+0002 -7.49476151267242E+0001
-4.62890625000000E+0002 -1.00099068975692E+0002
-4.63867187500000E+0002 -2.37216853692009E+0001
-4.64843750000000E+0002  6.53935087034744E+0001
-4.65820312500000E+0002  8.66870593945776E+0001
-4.66796875000000E+0002  6.50704138902408E+0001
-4.67773437500000E+0002  6.75985765688029E+0001
-4.68750000000000E+0002  9.03242337397344E+0001
-4.69726562500000E+0002  7.59532652600141E+0001
-4.70703125000000E+0002  2.29429933630583E+0001
-4.71679687500000E+0002 -3.81839283362530E+0000
-4.72656250000000E+0002  1.93902632940748E+0001
-4.73632812500000E+0002  3.41396231089343E+0001
-4.74609375000000E+0002 -1.36399760608020E+0000
-4.75585937500000E+0002 -4.17990464980267E+0001
-4.76562500000000E+0002 -3.46870087133918E+0001
-4.77539062500000E+0002 -1.32057990843682E+0001
-4.78515625000000E+0002 -3.92488553224464E+0001
-4.79492187500000E+0002 -9.21804828091460E+0001
-4.80468750000000E+0002 -9.54805874640128E+0001
-4.81445312500000E+0002 -3.92977619144218E+0001
-4.82421875000000E+0002  5.71777009730690E+0000
-4.83398437500000E+0002  1.74993176969684E+0000
-4.84375000000000E+0002 -7.38669843213273E+0000
-4.85351562500000E+0002  1.73192970368829E+0001
-4.86328125000000E+0002  4.54354058842757E+0001
-4.87304687500000E+0002  3.43780900624124E+0001
-4.88281250000000E+0002 -7.67001989204499E+0000
-4.89257812500000E+0002 -5.60088444286000E+0001
-4.90234375000000E+0002 -1.10599949917143E+0002
-4.91210937500000E+0002 -1.54995371037095E+0002
-4.92187500000000E+0002 -1.31267563448033E+0002
-4.93164062500000E+0002 -2.55283157096314E+0001
-4.94140625000000E+0002  6.44614376615809E+0001
-4.95117187500000E+0002  3.36186567810533E+0001
-4.96093750000000E+0002 -7.78076525175266E+0001
-4.97070312500000E+0002 -1.27381996211509E+0002
-4.98046875000000E+0002 -6.72186460239466E+0001
-4.99023437500000E+0002 -1.06557606476213E+0000
