 1760.0000  1.34191637970798E+0006
 1780.0000  1.32984941640490E+0006
 1800.0000  1.28754272497625E+0006
 1820.0000  1.32282440105706E+0006
 1840.0000  1.32234938467991E+0006
 1860.0000  1.31981540906164E+0006
 1880.0000  1.34657190644947E+0006
 1900.0000  1.37255812104681E+0006
 1920.0000  1.37712136791559E+0006
 1940.0000  1.37367008612136E+0006
 1960.0000  1.33933180119443E+0006
 1980.0000  1.34136074910136E+0006
 2000.0000  1.36992557501609E+0006
 2020.0000  1.35990204303483E+0006
 2040.0000  1.40122173215670E+0006
 2060.0000  1.39802158055338E+0006
 2080.0000  1.36539968708264E+0006
 2100.0000  1.35518968342993E+0006
 2120.0000  1.46754977720132E+0006
 2140.0000  1.36449238830015E+0006
 2160.0000  1.29763187703045E+0006
 2180.0000  1.35265571375558E+0006
 2200.0000  1.36619789696699E+0006
 2220.0000  1.38114072664134E+0006
 2240.0000  1.35049967828308E+0006
 2260.0000  1.36546659086928E+0006
 2280.0000  1.35574047750491E+0006
 2300.0000  1.35034143387463E+0006
 2320.0000  1.38809437918374E+0006
 2340.0000  1.38007307340127E+0006
 2360.0000  1.35266647656226E+0006
 2380.0000  1.33073776360007E+0006
 2400.0000  1.34500665699149E+0006
 2420.0000  1.38053462729068E+0006
 2440.0000  1.35459480081920E+0006
 2460.0000  1.33777231092246E+0006
 2480.0000  1.34433915098916E+0006
 2500.0000  1.33470559887192E+0006
 2520.0000  1.31891641134028E+0006
 2540.0000  1.30069392070601E+0006
 2560.0000  1.33011816900497E+0006
 2580.0000  1.33977401285149E+0006
 2600.0000  1.31603957344123E+0006
 2620.0000  1.32401240669232E+0006
 2640.0000  1.32649931835869E+0006
 2660.0000  1.29344242860900E+0006
 2680.0000  1.26355773562569E+0006
 2700.0000  1.25948971543783E+0006
 2720.0000  1.29317038693003E+0006
 2740.0000  1.28580584503526E+0006
 2760.0000  1.28509056134297E+0006
 2780.0000  1.26140013491574E+0006
 2800.0000  1.27026617627508E+0006
 2820.0000  1.31600161960296E+0006
 2840.0000  1.28257019733317E+0006
 2860.0000  1.27090200843659E+0006
 2880.0000  1.30823167598929E+0006
 2900.0000  1.23874363871923E+0006
 2920.0000  1.26457335868191E+0006
 2940.0000  1.28848870799333E+0006
 2960.0000  1.27207557066617E+0006
 2980.0000  1.28248337275507E+0006
 3000.0000  1.30618018764778E+0006
 3020.0000  1.29989347768800E+0006
 3040.0000  1.30419415294573E+0006
 3060.0000  1.29374959393563E+0006
 3080.0000  1.28892802986737E+0006
 3100.0000  1.30936887985978E+0006
 3120.0000  1.30218544639172E+0006
 3140.0000  1.31171972194933E+0006
