 5.00000000000000E+0002  1.85867949384698E+0001
 4.99023437500000E+0002  3.04032253445435E+0001
 4.98046875000000E+0002  2.07730533596678E+0001
 4.97070312500000E+0002 -6.10025944351673E+0000
 4.96093750000000E+0002 -2.37317182982048E+0001
 4.95117187500000E+0002 -2.00419619541250E+0001
 4.94140625000000E+0002  6.44294025039926E-0001
 4.93164062500000E+0002  2.75625341720508E+0001
 4.92187500000000E+0002  3.80444789320365E+0001
 4.91210937500000E+0002  1.03445617062964E+0001
 4.90234375000000E+0002 -3.74773632222526E+0001
 4.89257812500000E+0002 -5.13301513359352E+0001
 4.88281250000000E+0002 -1.10306104801969E+0001
 4.87304687500000E+0002  3.13030011498837E+0001
 4.86328125000000E+0002  1.69622602477644E+0001
 4.85351562500000E+0002 -3.87458774555385E+0001
 4.84375000000000E+0002 -7.26598887175648E+0001
 4.83398437500000E+0002 -6.33209665873706E+0001
 4.82421875000000E+0002 -4.57375018783946E+0001
 4.81445312500000E+0002 -4.29714658396128E+0001
 4.80468750000000E+0002 -3.69304201449994E+0001
 4.79492187500000E+0002 -1.72020333497827E+0001
 4.78515625000000E+0002 -7.65714298710733E+0000
 4.77539062500000E+0002 -1.98811392845282E+0001
 4.76562500000000E+0002 -2.26945489538352E+0001
 4.75585937500000E+0002  7.94793259382377E+0000
 4.74609375000000E+0002  4.12248868056087E+0001
 4.73632812500000E+0002  3.35003437160189E+0001
 4.72656250000000E+0002 -3.67803121456126E+0000
 4.71679687500000E+0002 -1.98889889113400E+0001
 4.70703125000000E+0002  1.71041589766824E+0000
 4.69726562500000E+0002  2.98999214426934E+0001
 4.68750000000000E+0002  3.83150117724001E+0001
 4.67773437500000E+0002  3.08044430903058E+0001
 4.66796875000000E+0002  1.26242787721481E+0001
 4.65820312500000E+0002 -1.92984644783220E+0001
 4.64843750000000E+0002 -4.60825246191043E+0001
 4.63867187500000E+0002 -3.12604130144783E+0001
 4.62890625000000E+0002  2.09394800625525E+0001
 4.61914062500000E+0002  5.07764370615268E+0001
 4.60937500000000E+0002  2.05278451447104E+0001
 4.59960937500000E+0002 -2.48534407592120E+0001
 4.58984375000000E+0002 -1.87300268710840E+0001
 4.58007812500000E+0002  2.65037209746643E+0001
 4.57031250000000E+0002  3.38473884829328E+0001
 4.56054687500000E+0002 -2.49439644256366E+0001
 4.55078125000000E+0002 -8.54685067082599E+0001
 4.54101562500000E+0002 -7.92745289442668E+0001
 4.53125000000000E+0002 -2.14681630298089E+0001
 4.52148437500000E+0002  2.35203049979372E+0001
 4.51171875000000E+0002  3.25728235140657E+0001
 4.50195312500000E+0002  3.68277612683347E+0001
 4.49218750000000E+0002  5.60912141091006E+0001
 4.48242187500000E+0002  6.59119965340028E+0001
 4.47265625000000E+0002  4.07315516060401E+0001
 4.46289062500000E+0002 -2.28174333441964E+0000
 4.45312500000000E+0002 -2.34719915500515E+0001
 4.44335937500000E+0002 -8.67960414036446E+0000
 4.43359375000000E+0002  2.20511180792948E+0001
 4.42382812500000E+0002  4.45032839193315E+0001
 4.41406250000000E+0002  4.97149376515341E+0001
 4.40429687500000E+0002  3.64953772706468E+0001
 4.39453125000000E+0002  5.64304274289344E+0000
 4.38476562500000E+0002 -3.04162794521106E+0001
 4.37500000000000E+0002 -4.71461538550847E+0001
 4.36523437500000E+0002 -3.09519806891479E+0001
 4.35546875000000E+0002  3.54981024163050E+0000
 4.34570312500000E+0002  3.12796597803504E+0001
 4.33593750000000E+0002  4.61187980813569E+0001
 4.32617187500000E+0002  5.75078494431723E+0001
 4.31640625000000E+0002  6.18817228810925E+0001
 4.30664062500000E+0002  4.12011215509907E+0001
 4.29687500000000E+0002 -2.29528276084687E+0000
 4.28710937500000E+0002 -3.34474993931553E+0001
 4.27734375000000E+0002 -2.61502975382397E+0001
 4.26757812500000E+0002 -2.52249127048364E+0000
 4.25781250000000E+0002 -5.03035331464628E+0000
 4.24804687500000E+0002 -3.73734675725104E+0001
 4.23828125000000E+0002 -6.10796867492092E+0001
 4.22851562500000E+0002 -5.05126818880748E+0001
 4.21875000000000E+0002 -2.18496612705225E+0001
 4.20898437500000E+0002  4.01016188938769E-0001
 4.19921875000000E+0002  1.66561659018745E+0001
 4.18945312500000E+0002  3.46313181627074E+0001
 4.17968750000000E+0002  4.25482675435772E+0001
 4.16992187500000E+0002  2.62074062571058E+0001
 4.16015625000000E+0002  2.41736923489015E-0001
 4.15039062500000E+0002 -4.80079288390837E+0000
 4.14062500000000E+0002  1.55840145755556E+0001
 4.13085937500000E+0002  3.28083005469411E+0001
 4.12109375000000E+0002  2.31048941770757E+0001
 4.11132812500000E+0002 -3.79970299496168E+0000
 4.10156250000000E+0002 -1.94086357843932E+0001
 4.09179687500000E+0002 -9.89709826135646E+0000
 4.08203125000000E+0002  1.04435228151277E+0001
 4.07226562500000E+0002  1.65103433333650E+0001
 4.06250000000000E+0002  2.82531559888287E+0000
 4.05273437500000E+0002 -6.57941651463656E+0000
 4.04296875000000E+0002  1.01393645672364E+0001
 4.03320312500000E+0002  3.28018163733804E+0001
 4.02343750000000E+0002  1.60442577962577E+0001
 4.01367187500000E+0002 -4.25985835332069E+0001
 4.00390625000000E+0002 -8.23240727280160E+0001
 3.99414062500000E+0002 -5.60152894504181E+0001
 3.98437500000000E+0002 -5.10016126402832E-0001
 3.97460937500000E+0002  1.55629237878282E+0001
 3.96484375000000E+0002 -3.10132849772029E+0000
 3.95507812500000E+0002  1.27945516412825E+0001
 3.94531250000000E+0002  8.01980328455720E+0001
 3.93554687500000E+0002  1.25140284310649E+0002
 3.92578125000000E+0002  9.19378795632278E+0001
 3.91601562500000E+0002  2.89548254877042E+0001
 3.90625000000000E+0002  1.27623418477978E+0001
 3.89648437500000E+0002  3.39613823912835E+0001
 3.88671875000000E+0002  2.70616608802526E+0001
 3.87695312500000E+0002 -1.39543314091785E+0001
 3.86718750000000E+0002 -2.90127469853145E+0001
 3.85742187500000E+0002  2.52718829982902E+0000
 3.84765625000000E+0002  2.76477209629240E+0001
 3.83789062500000E+0002  9.29148723852433E+0000
 3.82812500000000E+0002 -1.86377752103234E+0001
 3.81835937500000E+0002 -1.80401302202337E+0001
 3.80859375000000E+0002 -8.19192628950924E+0000
 3.79882812500000E+0002 -1.71054998676350E+0001
 3.78906250000000E+0002 -2.27280329453324E+0001
 3.77929687500000E+0002  3.04338283000229E+0000
 3.76953125000000E+0002  3.16798168001852E+0001
 3.75976562500000E+0002  2.12277728746814E+0001
 3.75000000000000E+0002 -6.59243893364621E+0000
 3.74023437500000E+0002 -5.32760472207883E-0001
 3.73046875000000E+0002  2.68935889646311E+0001
 3.72070312500000E+0002  1.61071091802000E+0001
 3.71093750000000E+0002 -3.23080954122620E+0001
 3.70117187500000E+0002 -4.85141658421461E+0001
 3.69140625000000E+0002 -8.43666812162112E+0000
 3.68164062500000E+0002  2.32781468905038E+0001
 3.67187500000000E+0002  2.46732101672555E+0000
 3.66210937500000E+0002 -1.87830234497402E+0001
 3.65234375000000E+0002  1.55190472799372E+0001
 3.64257812500000E+0002  6.16129964130667E+0001
 3.63281250000000E+0002  4.43385153299035E+0001
 3.62304687500000E+0002 -1.36776381529251E+0001
 3.61328125000000E+0002 -2.31226167726786E+0001
 3.60351562500000E+0002  2.93703242522452E+0001
 3.59375000000000E+0002  6.48998799663569E+0001
 3.58398437500000E+0002  4.44249340219380E+0001
 3.57421875000000E+0002  2.31139080353447E+0001
 3.56445312500000E+0002  4.28283921666990E+0001
 3.55468750000000E+0002  5.77792451939822E+0001
 3.54492187500000E+0002  2.22083526929445E+0001
 3.53515625000000E+0002 -1.90591603325476E+0001
 3.52539062500000E+0002 -1.93972550436735E+0000
 3.51562500000000E+0002  4.33011351305664E+0001
 3.50585937500000E+0002  3.51166077017155E+0001
 3.49609375000000E+0002 -2.49247989638625E+0001
 3.48632812500000E+0002 -4.91392223350341E+0001
 3.47656250000000E+0002 -9.87056050945512E-0002
 3.46679687500000E+0002  5.12488266003625E+0001
 3.45703125000000E+0002  3.27493947971513E+0001
 3.44726562500000E+0002 -2.85342338209308E+0001
 3.43750000000000E+0002 -5.69010245711911E+0001
 3.42773437500000E+0002 -3.33466345187533E+0001
 3.41796875000000E+0002  9.39994607537926E-0002
 3.40820312500000E+0002  1.34068018876322E+0001
 3.39843750000000E+0002  1.37217762118085E+0001
 3.38867187500000E+0002  8.47853713881887E+0000
 3.37890625000000E+0002 -6.99117285579806E+0000
 3.36914062500000E+0002 -2.10266458608485E+0001
 3.35937500000000E+0002 -6.91986770842792E+0000
 3.34960937500000E+0002  3.21298112162784E+0001
 3.33984375000000E+0002  5.15868956794032E+0001
 3.33007812500000E+0002  2.12093391954040E+0001
 3.32031250000000E+0002 -3.00299840490201E+0001
 3.31054687500000E+0002 -5.04182068217283E+0001
 3.30078125000000E+0002 -3.36988399513757E+0001
 3.29101562500000E+0002 -2.14806530571485E+0001
 3.28125000000000E+0002 -3.93810429332668E+0001
 3.27148437500000E+0002 -6.10944831871628E+0001
 3.26171875000000E+0002 -4.90943106870755E+0001
 3.25195312500000E+0002 -8.42300711343378E+0000
 3.24218750000000E+0002  2.29906123685582E+0001
 3.23242187500000E+0002  2.61027652169968E+0001
 3.22265625000000E+0002  1.58861394058415E+0001
 3.21289062500000E+0002  6.11296730787589E+0000
 3.20312500000000E+0002 -1.13301730181478E+0001
 3.19335937500000E+0002 -3.99299905884832E+0001
 3.18359375000000E+0002 -5.70679088471614E+0001
 3.17382812500000E+0002 -4.27860655104052E+0001
 3.16406250000000E+0002 -1.49600054785158E+0001
 3.15429687500000E+0002 -8.46940727278516E+0000
 3.14453125000000E+0002 -2.60023427597486E+0001
 3.13476562500000E+0002 -3.76604750220788E+0001
 3.12500000000000E+0002 -2.80524931373525E+0001
 3.11523437500000E+0002 -1.26511609990291E+0001
 3.10546875000000E+0002 -1.10271818589158E+0000
 3.09570312500000E+0002  2.15914044511727E+0001
 3.08593750000000E+0002  5.79648728476781E+0001
 3.07617187500000E+0002  7.22410301706122E+0001
 3.06640625000000E+0002  3.42623660275868E+0001
 3.05664062500000E+0002 -2.73395426495969E+0001
 3.04687500000000E+0002 -5.29883855446304E+0001
 3.03710937500000E+0002 -3.02907268661832E+0001
 3.02734375000000E+0002 -9.15097557188122E+0000
 3.01757812500000E+0002 -3.07791056929498E+0001
 3.00781250000000E+0002 -7.24001744043119E+0001
 2.99804687500000E+0002 -8.16417792328840E+0001
 2.98828125000000E+0002 -4.59884551235850E+0001
 2.97851562500000E+0002 -4.46455640004567E+0000
 2.96875000000000E+0002  2.81467813542304E+0000
 2.95898437500000E+0002 -2.31620379410002E+0001
 2.94921875000000E+0002 -5.00742615680113E+0001
 2.93945312500000E+0002 -5.34105607734514E+0001
 2.92968750000000E+0002 -3.95233112618519E+0001
 2.91992187500000E+0002 -3.21090339157302E+0001
 2.91015625000000E+0002 -3.95536764187136E+0001
 2.90039062500000E+0002 -4.23021711186423E+0001
 2.89062500000000E+0002 -1.98351569033219E+0001
 2.88085937500000E+0002  1.49878694876784E+0001
 2.87109375000000E+0002  2.44027425374923E+0001
 2.86132812500000E+0002 -7.92667368490137E+0000
 2.85156250000000E+0002 -5.44012828084913E+0001
 2.84179687500000E+0002 -7.55425196057618E+0001
 2.83203125000000E+0002 -6.14545825369233E+0001
 2.82226562500000E+0002 -3.24740264461538E+0001
 2.81250000000000E+0002 -1.33263586605530E+0001
 2.80273437500000E+0002 -1.86907318080265E+0001
 2.79296875000000E+0002 -4.77905639452137E+0001
 2.78320312500000E+0002 -7.54208432606981E+0001
 2.77343750000000E+0002 -6.48661642381215E+0001
 2.76367187500000E+0002 -1.46506231889502E+0001
 2.75390625000000E+0002  2.18292874755152E+0001
 2.74414062500000E+0002 -3.86118454061727E+0000
 2.73437500000000E+0002 -6.45154021450357E+0001
 2.72460937500000E+0002 -8.65662800903762E+0001
 2.71484375000000E+0002 -4.94770654517153E+0001
 2.70507812500000E+0002 -8.86445354067490E+0000
 2.69531250000000E+0002 -8.69844940297912E+0000
 2.68554687500000E+0002 -2.26093308729984E+0001
 2.67578125000000E+0002 -1.29662415200670E+0001
 2.66601562500000E+0002  1.13328965042732E+0000
 2.65625000000000E+0002 -1.41324413400852E+0001
 2.64648437500000E+0002 -3.31987437288194E+0001
 2.63671875000000E+0002 -5.19377149202521E+0000
 2.62695312500000E+0002  5.17630037605478E+0001
 2.61718750000000E+0002  6.07101805372939E+0001
 2.60742187500000E+0002 -9.83200713468335E-0001
 2.59765625000000E+0002 -6.25115650558490E+0001
 2.58789062500000E+0002 -5.87908806522768E+0001
 2.57812500000000E+0002 -1.54841981941603E+0001
 2.56835937500000E+0002  8.85591764631386E-0001
 2.55859375000000E+0002 -2.33321590713964E+0001
 2.54882812500000E+0002 -4.74790938565329E+0001
 2.53906250000000E+0002 -4.21263018157615E+0001
 2.52929687500000E+0002 -1.46193245222651E+0001
 2.51953125000000E+0002  1.54464955988243E+0001
 2.50976562500000E+0002  3.14232069091358E+0001
 2.50000000000000E+0002  2.16561802351616E+0001
 2.49023437500000E+0002 -5.09861015985567E+0000
 2.48046875000000E+0002 -1.91476144401392E+0001
 2.47070312500000E+0002 -9.59321511376146E+0000
 2.46093750000000E+0002 -5.08148042321881E+0000
 2.45117187500000E+0002 -2.65255296274056E+0001
 2.44140625000000E+0002 -4.56226587960827E+0001
 2.43164062500000E+0002 -3.10644576191758E+0001
 2.42187500000000E+0002 -9.59316374649799E+0000
 2.41210937500000E+0002 -2.51255896022373E+0001
 2.40234375000000E+0002 -5.51184740488375E+0001
 2.39257812500000E+0002 -3.69823956152574E+0001
 2.38281250000000E+0002  2.48579594168687E+0001
 2.37304687500000E+0002  5.51797602785686E+0001
 2.36328125000000E+0002  2.56279794276855E+0001
 2.35351562500000E+0002 -4.72511199446848E+0000
 2.34375000000000E+0002  4.06927079187312E-0001
 2.33398437500000E+0002 -1.12587910387464E+0001
 2.32421875000000E+0002 -7.41710192002984E+0001
 2.31445312500000E+0002 -1.09961215543794E+0002
 2.30468750000000E+0002 -3.44094134006923E+0001
 2.29492187500000E+0002  8.84704637218880E+0001
 2.28515625000000E+0002  1.13152478725894E+0002
 2.27539062500000E+0002  2.20465260480964E+0001
 2.26562500000000E+0002 -4.72902376789092E+0001
 2.25585937500000E+0002 -5.16940908259545E+0000
 2.24609375000000E+0002  7.05677403507414E+0001
 2.23632812500000E+0002  7.13363575866872E+0001
 2.22656250000000E+0002  1.87194125113260E+0001
 2.21679687500000E+0002  3.81271500673074E+0000
 2.20703125000000E+0002  3.06918041649064E+0001
 2.19726562500000E+0002  2.32289951509973E+0001
 2.18750000000000E+0002 -3.82901842744537E+0001
 2.17773437500000E+0002 -8.81261720638384E+0001
 2.16796875000000E+0002 -8.65616300521116E+0001
 2.15820312500000E+0002 -7.15603302914828E+0001
 2.14843750000000E+0002 -7.53274075233612E+0001
 2.13867187500000E+0002 -6.69514569543781E+0001
 2.12890625000000E+0002 -2.01722136061281E+0001
 2.11914062500000E+0002  2.37460446248790E+0001
 2.10937500000000E+0002  1.62309160006516E+0001
 2.09960937500000E+0002 -1.80402598619399E+0001
 2.08984375000000E+0002 -2.11415678408050E+0001
 2.08007812500000E+0002  3.35931107239293E+0000
 2.07031250000000E+0002 -9.94142257966416E-0001
 2.06054687500000E+0002 -4.79492187072750E+0001
 2.05078125000000E+0002 -8.29161719410465E+0001
 2.04101562500000E+0002 -6.37296917766868E+0001
 2.03125000000000E+0002 -1.66211604729864E+0001
 2.02148437500000E+0002  9.44553895396925E+0000
 2.01171875000000E+0002  5.03966485161450E+0000
 2.00195312500000E+0002 -9.01169052159270E+0000
 1.99218750000000E+0002 -2.23585537429828E+0001
 1.98242187500000E+0002 -3.57157695272922E+0001
 1.97265625000000E+0002 -4.03596678487803E+0001
 1.96289062500000E+0002 -2.81075820486632E+0001
 1.95312500000000E+0002 -1.23727355763337E+0001
 1.94335937500000E+0002 -1.29894878974884E+0001
 1.93359375000000E+0002 -2.50479253965113E+0001
 1.92382812500000E+0002 -2.59593732981492E+0001
 1.91406250000000E+0002 -1.10878217713566E+0001
 1.90429687500000E+0002 -1.38928283249271E-0001
 1.89453125000000E+0002 -6.04312190537601E+0000
 1.88476562500000E+0002 -1.66800398602654E+0001
 1.87500000000000E+0002 -1.35034826411639E+0001
 1.86523437500000E+0002  5.30098326627501E+0000
 1.85546875000000E+0002  2.62623569150637E+0001
 1.84570312500000E+0002  3.59529752359236E+0001
 1.83593750000000E+0002  3.10708718514198E+0001
 1.82617187500000E+0002  2.04186464715496E+0001
 1.81640625000000E+0002  1.82044110336444E+0001
 1.80664062500000E+0002  2.86839778667346E+0001
 1.79687500000000E+0002  3.84781032366269E+0001
 1.78710937500000E+0002  3.18138045575697E+0001
 1.77734375000000E+0002  1.05107197270701E+0001
 1.76757812500000E+0002 -1.10434700311340E+0001
 1.75781250000000E+0002 -2.65911765810316E+0001
 1.74804687500000E+0002 -3.96021951095324E+0001
 1.73828125000000E+0002 -4.71171127832885E+0001
 1.72851562500000E+0002 -4.07876157056683E+0001
 1.71875000000000E+0002 -2.62825065772132E+0001
 1.70898437500000E+0002 -2.13512285031816E+0001
 1.69921875000000E+0002 -2.71061921193076E+0001
 1.68945312500000E+0002 -2.19280763354574E+0001
 1.67968750000000E+0002  2.86022621412374E+0000
 1.66992187500000E+0002  2.19506056832444E+0001
 1.66015625000000E+0002  1.25408431131287E+0001
 1.65039062500000E+0002 -4.69845005560276E+0000
 1.64062500000000E+0002  6.84678615885588E+0000
 1.63085937500000E+0002  3.67640849417340E+0001
 1.62109375000000E+0002  3.17320795763985E+0001
 1.61132812500000E+0002 -2.35464450540470E+0001
 1.60156250000000E+0002 -6.62028687967482E+0001
 1.59179687500000E+0002 -3.15930122117709E+0001
 1.58203125000000E+0002  4.90495327378889E+0001
 1.57226562500000E+0002  7.51002204301640E+0001
 1.56250000000000E+0002  7.31379979709214E+0000
 1.55273437500000E+0002 -7.37214415739106E+0001
 1.54296875000000E+0002 -7.04707763621930E+0001
 1.53320312500000E+0002  3.16636185387787E+0000
 1.52343750000000E+0002  4.54312415328969E+0001
 1.51367187500000E+0002  7.03480831078804E+0000
 1.50390625000000E+0002 -5.14073450063929E+0001
 1.49414062500000E+0002 -5.85674936443483E+0001
 1.48437500000000E+0002 -3.21801220584769E+0001
 1.47460937500000E+0002 -3.40061175078385E+0001
 1.46484375000000E+0002 -6.32327323898311E+0001
 1.45507812500000E+0002 -6.09416358387909E+0001
 1.44531250000000E+0002 -1.34297515333615E+0001
 1.43554687500000E+0002  1.80469458252364E+0001
 1.42578125000000E+0002 -6.83454621495127E+0000
 1.41601562500000E+0002 -3.94749692561789E+0001
 1.40625000000000E+0002 -1.52289432110943E+0001
 1.39648437500000E+0002  4.30517482921848E+0001
 1.38671875000000E+0002  5.29815388412569E+0001
 1.37695312500000E+0002 -6.20835044075213E+0000
 1.36718750000000E+0002 -5.91150971389953E+0001
 1.35742187500000E+0002 -3.65753382388287E+0001
 1.34765625000000E+0002  3.23864967229242E+0001
 1.33789062500000E+0002  6.34514063535450E+0001
 1.32812500000000E+0002  2.60647240546395E+0001
 1.31835937500000E+0002 -2.97097993085074E+0001
 1.30859375000000E+0002 -4.96467816030877E+0001
 1.29882812500000E+0002 -3.96935250359799E+0001
 1.28906250000000E+0002 -3.78693706847760E+0001
 1.27929687500000E+0002 -4.83413858072819E+0001
 1.26953125000000E+0002 -3.52624562373914E+0001
 1.25976562500000E+0002  1.98965978128026E+0001
 1.25000000000000E+0002  8.31841540095135E+0001
 1.24023437500000E+0002  1.04865727668577E+0002
 1.23046875000000E+0002  7.58608545870538E+0001
 1.22070312500000E+0002  2.98694630644248E+0001
 1.21093750000000E+0002 -1.88960021709823E+0000
 1.20117187500000E+0002 -1.73253346802282E+0001
 1.19140625000000E+0002 -2.79201991347875E+0001
 1.18164062500000E+0002 -4.06013787283291E+0001
 1.17187500000000E+0002 -6.10045346458682E+0001
 1.16210937500000E+0002 -9.18895608658319E+0001
 1.15234375000000E+0002 -1.15440625837576E+0002
 1.14257812500000E+0002 -9.87189183899175E+0001
 1.13281250000000E+0002 -3.85954952182778E+0001
 1.12304687500000E+0002  1.44411830625995E+0001
 1.11328125000000E+0002  6.72082546015471E+0000
 1.10351562500000E+0002 -4.93547036198468E+0001
 1.09375000000000E+0002 -8.71612454585951E+0001
 1.08398437500000E+0002 -7.05717156004148E+0001
 1.07421875000000E+0002 -3.47643562735088E+0001
 1.06445312500000E+0002 -2.74359674931160E+0001
 1.05468750000000E+0002 -4.03808377765273E+0001
 1.04492187500000E+0002 -3.18592576990506E+0001
 1.03515625000000E+0002  3.59426416428789E-0001
 1.02539062500000E+0002  1.15199152020265E+0001
 1.01562500000000E+0002 -1.97845925583943E+0001
 1.00585937500000E+0002 -5.36556265726164E+0001
 9.96093750000000E+0001 -4.48587785172830E+0001
 9.86328125000000E+0001 -9.17340335214823E+0000
 9.76562500000000E+0001  8.00916532021944E-0001
 9.66796875000000E+0001 -2.69308812122574E+0001
 9.57031250000000E+0001 -5.11279732329500E+0001
 9.47265625000000E+0001 -4.56672501386796E+0001
 9.37500000000000E+0001 -3.96512733075628E+0001
 9.27734375000000E+0001 -6.71499002212456E+0001
 9.17968750000000E+0001 -1.08607759406382E+0002
 9.08203125000000E+0001 -1.18156117306838E+0002
 8.98437500000000E+0001 -9.29493690845739E+0001
 8.88671875000000E+0001 -7.40885679557229E+0001
 8.78906250000000E+0001 -7.94442887668227E+0001
 8.69140625000000E+0001 -7.71841921252469E+0001
 8.59375000000000E+0001 -4.18036077877685E+0001
 8.49609375000000E+0001 -2.43375167872745E+0000
 8.39843750000000E+0001 -6.45486083031713E+0000
 8.30078125000000E+0001 -5.33643965075206E+0001
 8.20312500000000E+0001 -9.53604780308234E+0001
 8.10546875000000E+0001 -9.75551101821829E+0001
 8.00781250000000E+0001 -7.08025170417590E+0001
 7.91015625000000E+0001 -4.46309369358286E+0001
 7.81250000000000E+0001 -3.30433780249995E+0001
 7.71484375000000E+0001 -3.52781571044484E+0001
 7.61718750000000E+0001 -4.96291685250011E+0001
 7.51953125000000E+0001 -7.14771438022150E+0001
 7.42187500000000E+0001 -8.95494172593910E+0001
 7.32421875000000E+0001 -9.91235327210537E+0001
 7.22656250000000E+0001 -1.11443019882364E+0002
 7.12890625000000E+0001 -1.34691677550826E+0002
 7.03125000000000E+0001 -1.51365056070175E+0002
 6.93359375000000E+0001 -1.35657658963283E+0002
 6.83593750000000E+0001 -9.62039255490482E+0001
 6.73828125000000E+0001 -7.80339630381292E+0001
 6.64062500000000E+0001 -1.06629874216785E+0002
 6.54296875000000E+0001 -1.48549180720166E+0002
 6.44531250000000E+0001 -1.53007530047838E+0002
 6.34765625000000E+0001 -1.22814481272032E+0002
 6.25000000000000E+0001 -1.11345353037457E+0002
 6.15234375000000E+0001 -1.46264704288677E+0002
 6.05468750000000E+0001 -1.90888939330766E+0002
 5.95703125000000E+0001 -1.97964522840496E+0002
 5.85937500000000E+0001 -1.72353382133463E+0002
 5.76171875000000E+0001 -1.54195787186683E+0002
 5.66406250000000E+0001 -1.61603181728111E+0002
 5.56640625000000E+0001 -1.81174148348145E+0002
 5.46875000000000E+0001 -2.00789746636186E+0002
 5.37109375000000E+0001 -2.18161926094267E+0002
 5.27343750000000E+0001 -2.25157195062603E+0002
 5.17578125000000E+0001 -2.18301835339631E+0002
 5.07812500000000E+0001 -2.21568122139407E+0002
 4.98046875000000E+0001 -2.63230384817742E+0002
 4.88281250000000E+0001 -3.28046802334084E+0002
 4.78515625000000E+0001 -3.67003459293385E+0002
 4.68750000000000E+0001 -3.60628266316496E+0002
 4.58984375000000E+0001 -3.40433861833522E+0002
 4.49218750000000E+0001 -3.41195425299446E+0002
 4.39453125000000E+0001 -3.65078736587475E+0002
 4.29687500000000E+0001 -4.00062957577263E+0002
 4.19921875000000E+0001 -4.37815629689869E+0002
 4.10156250000000E+0001 -4.63854680752564E+0002
 4.00390625000000E+0001 -4.68692504464667E+0002
 3.90625000000000E+0001 -4.79569361639097E+0002
 3.80859375000000E+0001 -5.36473114547112E+0002
 3.71093750000000E+0001 -6.22589969617595E+0002
 3.61328125000000E+0001 -6.74160865428550E+0002
 3.51562500000000E+0001 -6.85556885612499E+0002
 3.41796875000000E+0001 -7.39297874034434E+0002
 3.32031250000000E+0001 -8.82577333566014E+0002
 3.22265625000000E+0001 -1.03812328343097E+0003
 3.12500000000000E+0001 -1.11411845831204E+0003
 3.02734375000000E+0001 -1.15494887252265E+0003
 2.92968750000000E+0001 -1.28589494434294E+0003
 2.83203125000000E+0001 -1.53004072050891E+0003
 2.73437500000000E+0001 -1.78762882639437E+0003
 2.63671875000000E+0001 -2.00617231787703E+0003
 2.53906250000000E+0001 -2.26389741734741E+0003
 2.44140625000000E+0001 -2.64009552707608E+0003
 2.34375000000000E+0001 -3.08765613383396E+0003
 2.24609375000000E+0001 -3.49508409686717E+0003
 2.14843750000000E+0001 -3.81127097517359E+0003
 2.05078125000000E+0001 -4.04031263609278E+0003
 1.95312500000000E+0001 -4.16168444466024E+0003
 1.85546875000000E+0001 -4.14006391962318E+0003
 1.75781250000000E+0001 -4.00005853587926E+0003
 1.66015625000000E+0001 -3.81595447516126E+0003
 1.56250000000000E+0001 -3.61788669166522E+0003
 1.46484375000000E+0001 -3.36500143933283E+0003
 1.36718750000000E+0001 -3.03000578396321E+0003
 1.26953125000000E+0001 -2.66464336933880E+0003
 1.17187500000000E+0001 -2.35047731566030E+0003
 1.07421875000000E+0001 -2.11091759386577E+0003
 9.76562500000000E+0000 -1.90693937757320E+0003
 8.78906250000000E+0000 -1.71425037899224E+0003
 7.81250000000000E+0000 -1.57073374751903E+0003
 6.83593750000000E+0000 -1.52605520214445E+0003
 5.85937500000000E+0000 -1.55788739996379E+0003
 4.88281250000000E+0000 -1.57506055972331E+0003
 3.90625000000000E+0000 -1.52296984110998E+0003
 2.92968750000000E+0000 -1.45791906579079E+0003
 1.95312500000000E+0000 -1.47589273764984E+0003
 9.76562500000000E-0001 -1.57721758448510E+0003
 0.00000000000000E+0000 -1.65410001208311E+0003
-9.76562500000000E-0001 -1.62578132434089E+0003
-1.95312500000000E+0000 -1.53552480912368E+0003
-2.92968750000000E+0000 -1.48091492617231E+0003
-3.90625000000000E+0000 -1.49017963096544E+0003
-4.88281250000000E+0000 -1.51748047843720E+0003
-5.85937500000000E+0000 -1.53583301758209E+0003
-6.83593750000000E+0000 -1.57395839485277E+0003
-7.81250000000000E+0000 -1.65889122406572E+0003
-8.78906250000000E+0000 -1.77559743377197E+0003
-9.76562500000000E+0000 -1.90765256639557E+0003
-1.07421875000000E+0001 -2.08564067593892E+0003
-1.17187500000000E+0001 -2.36472823336464E+0003
-1.26953125000000E+0001 -2.76415905749667E+0003
-1.36718750000000E+0001 -3.24987526119292E+0003
-1.46484375000000E+0001 -3.77467511350645E+0003
-1.56250000000000E+0001 -4.31778483772096E+0003
-1.66015625000000E+0001 -4.87630050012660E+0003
-1.75781250000000E+0001 -5.42949126691889E+0003
-1.85546875000000E+0001 -5.93545931056405E+0003
-1.95312500000000E+0001 -6.37119619884340E+0003
-2.05078125000000E+0001 -6.74781454951873E+0003
-2.14843750000000E+0001 -7.05352204500835E+0003
-2.24609375000000E+0001 -7.20174052954762E+0003
-2.34375000000000E+0001 -7.09454612124186E+0003
-2.44140625000000E+0001 -6.74694427826768E+0003
-2.53906250000000E+0001 -6.28661123177099E+0003
-2.63671875000000E+0001 -5.79908159712047E+0003
-2.73437500000000E+0001 -5.23674963205771E+0003
-2.83203125000000E+0001 -4.54164966442882E+0003
-2.92968750000000E+0001 -3.80340339067911E+0003
-3.02734375000000E+0001 -3.19701418181516E+0003
-3.12500000000000E+0001 -2.77552693206889E+0003
-3.22265625000000E+0001 -2.42518421958864E+0003
-3.32031250000000E+0001 -2.04762242692453E+0003
-3.41796875000000E+0001 -1.69089145591442E+0003
-3.51562500000000E+0001 -1.44589482928579E+0003
-3.61328125000000E+0001 -1.29256629349623E+0003
-3.71093750000000E+0001 -1.13519814813848E+0003
-3.80859375000000E+0001 -9.49406409178943E+0002
-3.90625000000000E+0001 -8.00481793106088E+0002
-4.00390625000000E+0001 -7.21412710846891E+0002
-4.10156250000000E+0001 -6.59463568998131E+0002
-4.19921875000000E+0001 -5.67671158765327E+0002
-4.29687500000000E+0001 -4.78883816846454E+0002
-4.39453125000000E+0001 -4.43000550618415E+0002
-4.49218750000000E+0001 -4.36792004801455E+0002
-4.58984375000000E+0001 -3.92644628920853E+0002
-4.68750000000000E+0001 -2.98208171980930E+0002
-4.78515625000000E+0001 -2.14680725941145E+0002
-4.88281250000000E+0001 -1.94486413309017E+0002
-4.98046875000000E+0001 -2.22110881624216E+0002
-5.07812500000000E+0001 -2.47089430856689E+0002
-5.17578125000000E+0001 -2.42068342603611E+0002
-5.27343750000000E+0001 -2.11113077384008E+0002
-5.37109375000000E+0001 -1.67643077482089E+0002
-5.46875000000000E+0001 -1.27872434759998E+0002
-5.56640625000000E+0001 -1.08756470466133E+0002
-5.66406250000000E+0001 -1.08395548094299E+0002
-5.76171875000000E+0001 -9.99035735868464E+0001
-5.85937500000000E+0001 -6.69205043018387E+0001
-5.95703125000000E+0001 -3.35546352434638E+0001
-6.05468750000000E+0001 -3.30781917070818E+0001
-6.15234375000000E+0001 -5.70787157502786E+0001
-6.25000000000000E+0001 -6.81388421750067E+0001
-6.34765625000000E+0001 -5.80734283080880E+0001
-6.44531250000000E+0001 -5.50402827913772E+0001
-6.54296875000000E+0001 -6.88504719590516E+0001
-6.64062500000000E+0001 -7.10312098327394E+0001
-6.73828125000000E+0001 -4.44855909524572E+0001
-6.83593750000000E+0001 -1.35925956773051E+0001
-6.93359375000000E+0001 -2.12731967954812E+0000
-7.03125000000000E+0001  1.83669756646341E+0000
-7.12890625000000E+0001  1.04304801822894E+0001
-7.22656250000000E+0001  2.37359558818483E+0000
-7.32421875000000E+0001 -3.63267945992697E+0001
-7.42187500000000E+0001 -6.97532782997962E+0001
-7.51953125000000E+0001 -5.75776662501035E+0001
-7.61718750000000E+0001 -2.06847700919224E+0001
-7.71484375000000E+0001 -1.15876974518920E+0001
-7.81250000000000E+0001 -3.65034460953673E+0001
-7.91015625000000E+0001 -5.85533856314939E+0001
-8.00781250000000E+0001 -6.26180164524629E+0001
-8.10546875000000E+0001 -5.87175455444603E+0001
-8.20312500000000E+0001 -3.52666407927836E+0001
-8.30078125000000E+0001  2.00825787492398E+0001
-8.39843750000000E+0001  6.01323063173040E+0001
-8.49609375000000E+0001  2.56418556578990E+0001
-8.59375000000000E+0001 -3.69393133884942E+0001
-8.69140625000000E+0001 -6.73836692809718E+0000
-8.78906250000000E+0001  1.22869125877517E+0002
-8.88671875000000E+0001  1.91921673639217E+0002
-8.98437500000000E+0001  8.71790290423499E+0001
-9.08203125000000E+0001 -8.27679790090420E+0001
-9.17968750000000E+0001 -1.34375537170086E+0002
-9.27734375000000E+0001 -6.55931541982864E+0001
-9.37500000000000E+0001 -3.00263511080571E+0001
-9.47265625000000E+0001 -8.34397661527209E+0001
-9.57031250000000E+0001 -1.10047773269742E+0002
-9.66796875000000E+0001 -2.77367662243435E+0001
-9.76562500000000E+0001  7.59900453370007E+0001
-9.86328125000000E+0001  8.59382423483490E+0001
-9.96093750000000E+0001  2.83272099328733E+0001
-1.00585937500000E+0002  2.74690737036426E+0000
-1.01562500000000E+0002  2.13711084566520E+0001
-1.02539062500000E+0002  2.30793224123920E+0001
-1.03515625000000E+0002  2.55131381003835E+0000
-1.04492187500000E+0002  1.33683567075786E+0001
-1.05468750000000E+0002  5.55178097999485E+0001
-1.06445312500000E+0002  6.36601123326369E+0001
-1.07421875000000E+0002  1.82593339391150E+0001
-1.08398437500000E+0002 -2.12123157381530E+0001
-1.09375000000000E+0002 -1.58661329573656E+0001
-1.10351562500000E+0002  1.73730997054497E+0000
-1.11328125000000E+0002  6.87566414407709E+0000
-1.12304687500000E+0002  3.05276338900316E+0001
-1.13281250000000E+0002  7.82260078409140E+0001
-1.14257812500000E+0002  7.82019541533269E+0001
-1.15234375000000E+0002 -1.31309084211044E+0001
-1.16210937500000E+0002 -1.09446369178090E+0002
-1.17187500000000E+0002 -9.21312776037127E+0001
-1.18164062500000E+0002  1.62047339504885E+0001
-1.19140625000000E+0002  7.38745039512966E+0001
-1.20117187500000E+0002  1.71031853002216E+0001
-1.21093750000000E+0002 -6.13444835695109E+0001
-1.22070312500000E+0002 -5.88375042567934E+0001
-1.23046875000000E+0002 -1.96215320410460E-0001
-1.24023437500000E+0002  2.82208519386640E+0001
-1.25000000000000E+0002  1.48237775551935E+0001
-1.25976562500000E+0002  1.57982947052608E+0001
-1.26953125000000E+0002  4.63798822791821E+0001
-1.27929687500000E+0002  5.99316711529717E+0001
-1.28906250000000E+0002  3.27324153514581E+0001
-1.29882812500000E+0002  2.61116842562981E+0000
-1.30859375000000E+0002  7.98201487171147E+0000
-1.31835937500000E+0002  3.70141240077940E+0001
-1.32812500000000E+0002  5.64418037276156E+0001
-1.33789062500000E+0002  5.44609732676220E+0001
-1.34765625000000E+0002  3.68370691728293E+0001
-1.35742187500000E+0002  1.03594809270229E+0001
-1.36718750000000E+0002 -1.22392995713267E+0001
-1.37695312500000E+0002 -1.53305540173392E+0001
-1.38671875000000E+0002 -2.19784365408049E+0000
-1.39648437500000E+0002  9.23284740837133E+0000
-1.40625000000000E+0002  1.98124874096353E+0001
-1.41601562500000E+0002  4.55174882066077E+0001
-1.42578125000000E+0002  6.96929111232640E+0001
-1.43554687500000E+0002  4.51084161742912E+0001
-1.44531250000000E+0002 -2.60611404862188E+0001
-1.45507812500000E+0002 -6.13816451794996E+0001
-1.46484375000000E+0002 -2.07599851156502E+0000
-1.47460937500000E+0002  8.42580980797134E+0001
-1.48437500000000E+0002  7.78783342483113E+0001
-1.49414062500000E+0002 -2.31316671468958E+0001
-1.50390625000000E+0002 -8.82409642823546E+0001
-1.51367187500000E+0002 -3.33459041393019E+0001
-1.52343750000000E+0002  6.28958845183145E+0001
-1.53320312500000E+0002  7.73064612308509E+0001
-1.54296875000000E+0002  1.81524923538268E+0001
-1.55273437500000E+0002 -6.05640821025446E-0001
-1.56250000000000E+0002  6.28197732591744E+0001
-1.57226562500000E+0002  1.21156841521158E+0002
-1.58203125000000E+0002  9.73792630051419E+0001
-1.59179687500000E+0002  3.60293239322250E+0001
-1.60156250000000E+0002  2.30784423901257E+0001
-1.61132812500000E+0002  5.62362625594434E+0001
-1.62109375000000E+0002  6.94024382428607E+0001
-1.63085937500000E+0002  5.27848976723832E+0001
-1.64062500000000E+0002  6.13147108782534E+0001
-1.65039062500000E+0002  1.03846779519310E+0002
-1.66015625000000E+0002  1.11860806376195E+0002
-1.66992187500000E+0002  5.18456581547514E+0001
-1.67968750000000E+0002 -4.29643121850509E+0000
-1.68945312500000E+0002  2.20306411296971E+0001
-1.69921875000000E+0002  9.88966546498926E+0001
-1.70898437500000E+0002  1.34196311299401E+0002
-1.71875000000000E+0002  1.09738934367228E+0002
-1.72851562500000E+0002  8.65112054321758E+0001
-1.73828125000000E+0002  8.98544701188563E+0001
-1.74804687500000E+0002  7.64999548714714E+0001
-1.75781250000000E+0002  2.97796846617362E+0001
-1.76757812500000E+0002  3.85617900073231E+0000
-1.77734375000000E+0002  3.33351301819780E+0001
-1.78710937500000E+0002  6.81147188769416E+0001
-1.79687500000000E+0002  5.40108295069388E+0001
-1.80664062500000E+0002  2.38247009924759E+0001
-1.81640625000000E+0002  4.00562883150077E+0001
-1.82617187500000E+0002  8.50364513063227E+0001
-1.83593750000000E+0002  8.62055938839575E+0001
-1.84570312500000E+0002  3.38657110734751E+0001
-1.85546875000000E+0002 -6.26121691775401E+0000
-1.86523437500000E+0002 -5.75442600562525E-0001
-1.87500000000000E+0002  9.29156593418523E+0000
-1.88476562500000E+0002 -8.75358847015752E+0000
-1.89453125000000E+0002 -1.99075180372867E+0001
-1.90429687500000E+0002  1.16017119339659E+0001
-1.91406250000000E+0002  5.48377286408233E+0001
-1.92382812500000E+0002  5.94319296991105E+0001
-1.93359375000000E+0002  3.27165673499662E+0001
-1.94335937500000E+0002  1.97547173760918E+0001
-1.95312500000000E+0002  3.14822921366470E+0001
-1.96289062500000E+0002  4.11688576610607E+0001
-1.97265625000000E+0002  3.74732304602641E+0001
-1.98242187500000E+0002  3.59977924281755E+0001
-1.99218750000000E+0002  4.48321401229943E+0001
-2.00195312500000E+0002  5.62237062452667E+0001
-2.01171875000000E+0002  6.65850145199547E+0001
-2.02148437500000E+0002  7.24897866391596E+0001
-2.03125000000000E+0002  5.87768610783517E+0001
-2.04101562500000E+0002  2.67297198628779E+0001
-2.05078125000000E+0002  1.68892736015934E+0001
-2.06054687500000E+0002  5.51774368779742E+0001
-2.07031250000000E+0002  9.14581405008035E+0001
-2.08007812500000E+0002  5.79735426221880E+0001
-2.08984375000000E+0002 -1.17916497677921E+0001
-2.09960937500000E+0002 -3.32700865650338E+0000
-2.10937500000000E+0002  1.13902329069563E+0002
-2.11914062500000E+0002  2.23013045988922E+0002
-2.12890625000000E+0002  2.14747007451380E+0002
-2.13867187500000E+0002  1.34447753523295E+0002
-2.14843750000000E+0002  9.66073921386369E+0001
-2.15820312500000E+0002  1.09224645843232E+0002
-2.16796875000000E+0002  8.76147629459785E+0001
-2.17773437500000E+0002  1.80913050408351E+0001
-2.18750000000000E+0002 -1.15357687631158E+0001
-2.19726562500000E+0002  3.76923249614791E+0001
-2.20703125000000E+0002  8.53356993637358E+0001
-2.21679687500000E+0002  6.08726723892528E+0001
-2.22656250000000E+0002  1.22621812288800E+0001
-2.23632812500000E+0002  1.52815207108472E+0001
-2.24609375000000E+0002  4.69173712723507E+0001
-2.25585937500000E+0002  3.66131308668046E+0001
-2.26562500000000E+0002 -4.88148694472139E+0000
-2.27539062500000E+0002 -4.94614083417468E+0000
-2.28515625000000E+0002  4.57520857814994E+0001
-2.29492187500000E+0002  8.37157249537790E+0001
-2.30468750000000E+0002  8.36162130380594E+0001
-2.31445312500000E+0002  8.41605581351757E+0001
-2.32421875000000E+0002  9.31145797118027E+0001
-2.33398437500000E+0002  6.48245767256262E+0001
-2.34375000000000E+0002  4.36376902611201E+0000
-2.35351562500000E+0002 -3.33824384045607E+0000
-2.36328125000000E+0002  7.24306849834338E+0001
-2.37304687500000E+0002  1.30342296306811E+0002
-2.38281250000000E+0002  7.68168018977337E+0001
-2.39257812500000E+0002 -2.18398869386865E+0001
-2.40234375000000E+0002 -3.09813530717022E+0001
-2.41210937500000E+0002  4.66526504622438E+0001
-2.42187500000000E+0002  7.49805583484587E+0001
-2.43164062500000E+0002 -6.28027609692023E+0000
-2.44140625000000E+0002 -9.36165659162448E+0001
-2.45117187500000E+0002 -7.86246547044667E+0001
-2.46093750000000E+0002  2.94803991560147E+0000
-2.47070312500000E+0002  4.55600857886353E+0001
-2.48046875000000E+0002  2.69539423548329E+0001
-2.49023437500000E+0002  8.72031678746799E+0000
-2.50000000000000E+0002  2.46171519495760E+0001
-2.50976562500000E+0002  4.77131138441414E+0001
-2.51953125000000E+0002  5.48591945180727E+0001
-2.52929687500000E+0002  5.50990357317075E+0001
-2.53906250000000E+0002  5.28135170310612E+0001
-2.54882812500000E+0002  3.92962816323852E+0001
-2.55859375000000E+0002  2.76865894824637E+0001
-2.56835937500000E+0002  4.61329348033942E+0001
-2.57812500000000E+0002  8.50299580807324E+0001
-2.58789062500000E+0002  9.66577592290176E+0001
-2.59765625000000E+0002  6.22282966342547E+0001
-2.60742187500000E+0002  1.71201014406886E+0001
-2.61718750000000E+0002 -6.78037328079807E+0000
-2.62695312500000E+0002 -1.85831820089034E+0001
-2.63671875000000E+0002 -2.53618719154171E+0001
-2.64648437500000E+0002 -2.45637571852322E+0000
-2.65625000000000E+0002  5.16856016853009E+0001
-2.66601562500000E+0002  7.62204911783130E+0001
-2.67578125000000E+0002  2.53209269304046E+0001
-2.68554687500000E+0002 -4.17958734050370E+0001
-2.69531250000000E+0002 -2.18216204723050E+0001
-2.70507812500000E+0002  8.41146450499369E+0001
-2.71484375000000E+0002  1.57187380386681E+0002
-2.72460937500000E+0002  1.16043627938051E+0002
-2.73437500000000E+0002  1.70148080246708E+0001
-2.74414062500000E+0002 -3.91250655729732E+0001
-2.75390625000000E+0002 -3.98864410715211E+0001
-2.76367187500000E+0002 -4.10001249015698E+0001
-2.77343750000000E+0002 -5.71844168885102E+0001
-2.78320312500000E+0002 -5.03724626686655E+0001
-2.79296875000000E+0002 -1.35635547996338E+0001
-2.80273437500000E+0002  1.02915848792222E+0001
-2.81250000000000E+0002  3.94439860061246E+0000
-2.82226562500000E+0002  4.04265563359434E+0000
-2.83203125000000E+0002  2.97998278419779E+0001
-2.84179687500000E+0002  4.23812454398313E+0001
-2.85156250000000E+0002  1.20594052628497E+0001
-2.86132812500000E+0002 -2.33915413312872E+0001
-2.87109375000000E+0002 -1.42291110726217E+0001
-2.88085937500000E+0002  2.46780012273793E+0001
-2.89062500000000E+0002  4.44209933073502E+0001
-2.90039062500000E+0002  3.99790551945658E+0001
-2.91015625000000E+0002  3.96899153844896E+0001
-2.91992187500000E+0002  3.87095983906052E+0001
-2.92968750000000E+0002  1.20759881178900E+0001
-2.93945312500000E+0002 -1.31639891703726E+0001
-2.94921875000000E+0002  2.14452485640487E+0001
-2.95898437500000E+0002  9.60098819051074E+0001
-2.96875000000000E+0002  1.03582764329891E+0002
-2.97851562500000E+0002 -2.74557462128126E+0000
-2.98828125000000E+0002 -1.20308340453362E+0002
-2.99804687500000E+0002 -1.22479647140565E+0002
-3.00781250000000E+0002 -3.00045350128140E+0001
-3.01757812500000E+0002  2.40060341114450E+0001
-3.02734375000000E+0002 -1.84066001434400E+0001
-3.03710937500000E+0002 -7.43829866005529E+0001
-3.04687500000000E+0002 -5.31704144386996E+0001
-3.05664062500000E+0002  2.50725031378013E+0001
-3.06640625000000E+0002  8.09528008176548E+0001
-3.07617187500000E+0002  8.54662452255448E+0001
-3.08593750000000E+0002  6.53412047475371E+0001
-3.09570312500000E+0002  3.83398357653465E+0001
-3.10546875000000E+0002  2.73174446327690E+0000
-3.11523437500000E+0002 -2.49816401022235E+0001
-3.12500000000000E+0002 -1.68768844781243E+0001
-3.13476562500000E+0002  2.06072741024532E+0001
-3.14453125000000E+0002  4.95021588427563E+0001
-3.15429687500000E+0002  5.36661853834320E+0001
-3.16406250000000E+0002  5.39268138054602E+0001
-3.17382812500000E+0002  6.45037895385290E+0001
-3.18359375000000E+0002  6.97221468153157E+0001
-3.19335937500000E+0002  5.58624812795398E+0001
-3.20312500000000E+0002  3.53369684264713E+0001
-3.21289062500000E+0002  2.45161643413280E+0001
-3.22265625000000E+0002  2.35909430417163E+0001
-3.23242187500000E+0002  3.08847931320136E+0001
-3.24218750000000E+0002  4.85715560546230E+0001
-3.25195312500000E+0002  6.04641807828494E+0001
-3.26171875000000E+0002  3.90270063008067E+0001
-3.27148437500000E+0002 -3.22438089399702E+0000
-3.28125000000000E+0002 -8.23902437726542E+0000
-3.29101562500000E+0002  4.50209562286177E+0001
-3.30078125000000E+0002  8.90743221583478E+0001
-3.31054687500000E+0002  5.24536540784695E+0001
-3.32031250000000E+0002 -3.01230715528324E+0001
-3.33007812500000E+0002 -6.00123973204641E+0001
-3.33984375000000E+0002 -1.80343904348426E+0001
-3.34960937500000E+0002  1.34191598039183E+0001
-3.35937500000000E+0002 -1.31449301767044E+0001
-3.36914062500000E+0002 -3.42322043483179E+0001
-3.37890625000000E+0002  1.79008268398132E+0001
-3.38867187500000E+0002  1.01096452729544E+0002
-3.39843750000000E+0002  1.25494346884964E+0002
-3.40820312500000E+0002  8.45849969770767E+0001
-3.41796875000000E+0002  4.47782584810009E+0001
-3.42773437500000E+0002  2.96106962285636E+0001
-3.43750000000000E+0002  1.57806052925503E+0000
-3.44726562500000E+0002 -4.31430867801194E+0001
-3.45703125000000E+0002 -5.17194594378848E+0001
-3.46679687500000E+0002 -1.01027304307824E+0001
-3.47656250000000E+0002  1.91316841229572E+0001
-3.48632812500000E+0002 -3.13532136709978E+0000
-3.49609375000000E+0002 -2.44119789347145E+0001
-3.50585937500000E+0002  9.30563733789481E+0000
-3.51562500000000E+0002  5.45010815767557E+0001
-3.52539062500000E+0002  3.87961507608474E+0001
-3.53515625000000E+0002 -1.08175273228377E+0001
-3.54492187500000E+0002 -2.11478108291715E+0000
-3.55468750000000E+0002  6.91568852616247E+0001
-3.56445312500000E+0002  9.79366880901026E+0001
-3.57421875000000E+0002  2.68713725446404E+0001
-3.58398437500000E+0002 -6.08412817846197E+0001
-3.59375000000000E+0002 -5.83422474689707E+0001
-3.60351562500000E+0002  1.75933746270118E+0001
-3.61328125000000E+0002  6.47859785699180E+0001
-3.62304687500000E+0002  4.53552317450138E+0001
-3.63281250000000E+0002  2.29116604356431E+0001
-3.64257812500000E+0002  5.75397193574542E+0001
-3.65234375000000E+0002  1.29416623123265E+0002
-3.66210937500000E+0002  1.79741312208181E+0002
-3.67187500000000E+0002  1.77910422295600E+0002
-3.68164062500000E+0002  1.28757351033497E+0002
-3.69140625000000E+0002  5.24188364118852E+0001
-3.70117187500000E+0002 -1.89082850360047E+0001
-3.71093750000000E+0002 -5.23164296475659E+0001
-3.72070312500000E+0002 -4.53000626511483E+0001
-3.73046875000000E+0002 -2.63906036702432E+0001
-3.74023437500000E+0002 -1.19278999973458E+0001
-3.75000000000000E+0002  1.05361056928565E+0001
-3.75976562500000E+0002  4.00689741887968E+0001
-3.76953125000000E+0002  4.04164397476486E+0001
-3.77929687500000E+0002 -6.58027722912217E+0000
-3.78906250000000E+0002 -5.54229508908426E+0001
-3.79882812500000E+0002 -4.91219480303228E+0001
-3.80859375000000E+0002  1.08863954375846E+0000
-3.81835937500000E+0002  3.51602379195126E+0001
-3.82812500000000E+0002  3.05509329914192E+0001
-3.83789062500000E+0002  1.46119986236146E+0001
-3.84765625000000E+0002 -3.78372035470451E+0000
-3.85742187500000E+0002 -4.66377700677953E+0001
-3.86718750000000E+0002 -9.54275097976990E+0001
-3.87695312500000E+0002 -8.14847242943980E+0001
-3.88671875000000E+0002  6.96547058621206E+0000
-3.89648437500000E+0002  7.07990692695025E+0001
-3.90625000000000E+0002  2.20238107878121E+0001
-3.91601562500000E+0002 -8.12849228674641E+0001
-3.92578125000000E+0002 -1.04240926291792E+0002
-3.93554687500000E+0002 -2.08198814233938E+0001
-3.94531250000000E+0002  6.04108376461625E+0001
-3.95507812500000E+0002  6.35838351862368E+0001
-3.96484375000000E+0002  4.38623309185670E+0001
-3.97460937500000E+0002  7.64299952750974E+0001
-3.98437500000000E+0002  1.28477410118743E+0002
-3.99414062500000E+0002  1.15890668378857E+0002
-4.00390625000000E+0002  4.00518915546552E+0001
-4.01367187500000E+0002 -1.45389143698575E+0001
-4.02343750000000E+0002 -3.03693449275090E+0000
-4.03320312500000E+0002  3.42323195462719E+0001
-4.04296875000000E+0002  5.06469125353445E+0001
-4.05273437500000E+0002  5.01135810360649E+0001
-4.06250000000000E+0002  4.90900954106184E+0001
-4.07226562500000E+0002  4.02274173048530E+0001
-4.08203125000000E+0002  2.07728060572565E+0001
-4.09179687500000E+0002  1.11447249327876E+0001
-4.10156250000000E+0002  1.67734634434374E+0001
-4.11132812500000E+0002  1.29312153600584E+0001
-4.12109375000000E+0002 -2.75856311426546E+0000
-4.13085937500000E+0002  1.14026941581189E+0001
-4.14062500000000E+0002  6.73683366358256E+0001
-4.15039062500000E+0002  9.65918975496102E+0001
-4.16015625000000E+0002  3.77600134993684E+0001
-4.16992187500000E+0002 -5.32753965641630E+0001
-4.17968750000000E+0002 -6.16746038334925E+0001
-4.18945312500000E+0002  2.19571813106550E+0001
-4.19921875000000E+0002  8.19287606549393E+0001
-4.20898437500000E+0002  4.64566476618216E+0001
-4.21875000000000E+0002 -8.94551449098000E+0000
-4.22851562500000E+0002  1.58795706474491E+0001
-4.23828125000000E+0002  8.83816828522081E+0001
-4.24804687500000E+0002  9.49832268960033E+0001
-4.25781250000000E+0002  1.50942994962952E+0001
-4.26757812500000E+0002 -5.42707377607161E+0001
-4.27734375000000E+0002 -4.90863522513870E+0001
-4.28710937500000E+0002 -2.02820993346077E+0001
-4.29687500000000E+0002 -3.32304660140049E+0001
-4.30664062500000E+0002 -6.46142713498831E+0001
-4.31640625000000E+0002 -5.67176726620967E+0001
-4.32617187500000E+0002 -1.88202411520368E+0001
-4.33593750000000E+0002 -4.13143045679263E+0000
-4.34570312500000E+0002 -1.65460895582119E+0001
-4.35546875000000E+0002 -1.36573295905039E+0001
-4.36523437500000E+0002  7.79870008995050E+0000
-4.37500000000000E+0002  3.03522213403704E+0000
-4.38476562500000E+0002 -3.40057141392982E+0001
-4.39453125000000E+0002 -4.32513005154150E+0001
-4.40429687500000E+0002  1.05392076573344E+0001
-4.41406250000000E+0002  7.21650200352965E+0001
-4.42382812500000E+0002  6.56181273667610E+0001
-4.43359375000000E+0002 -3.68253194065818E+0000
-4.44335937500000E+0002 -6.14787178052264E+0001
-4.45312500000000E+0002 -6.04397632001271E+0001
-4.46289062500000E+0002 -2.08454792897838E+0001
-4.47265625000000E+0002  1.46474904334567E+0001
-4.48242187500000E+0002  2.67717455204057E+0001
-4.49218750000000E+0002  2.09160663128783E+0001
-4.50195312500000E+0002  1.59782670458827E+0001
-4.51171875000000E+0002  3.40130736512475E+0001
-4.52148437500000E+0002  7.33732138126030E+0001
-4.53125000000000E+0002  9.40774687975355E+0001
-4.54101562500000E+0002  6.15250011702323E+0001
-4.55078125000000E+0002  3.39460182757617E+0000
-4.56054687500000E+0002 -1.66706481425112E+0001
-4.57031250000000E+0002  1.11359855148034E+0001
-4.58007812500000E+0002  2.48525648781849E+0001
-4.58984375000000E+0002 -1.65139091144013E+0001
-4.59960937500000E+0002 -6.76449400560691E+0001
-4.60937500000000E+0002 -6.23361299403407E+0001
-4.61914062500000E+0002 -8.97051998944153E+0000
-4.62890625000000E+0002  2.88155418575101E+0001
-4.63867187500000E+0002  2.46451504344633E+0001
-4.64843750000000E+0002  6.94537175858486E+0000
-4.65820312500000E+0002 -5.98953819957279E+0000
-4.66796875000000E+0002 -2.71283400944760E+0001
-4.67773437500000E+0002 -5.10178572711883E+0001
-4.68750000000000E+0002 -4.48078649949380E+0001
-4.69726562500000E+0002 -1.03969818984984E+0001
-4.70703125000000E+0002  2.48137181711559E+0000
-4.71679687500000E+0002 -2.15769627878888E+0001
-4.72656250000000E+0002 -2.58019752851725E+0001
-4.73632812500000E+0002  2.46592760717910E+0001
-4.74609375000000E+0002  6.53589982624411E+0001
-4.75585937500000E+0002  2.40634426399226E+0001
-4.76562500000000E+0002 -4.81804004176207E+0001
-4.77539062500000E+0002 -3.50045058534430E+0001
-4.78515625000000E+0002  6.32975651352841E+0001
-4.79492187500000E+0002  1.13904891920407E+0002
-4.80468750000000E+0002  4.81645585219175E+0001
-4.81445312500000E+0002 -2.98866162137850E+0001
-4.82421875000000E+0002 -1.04596228935543E+0000
-4.83398437500000E+0002  8.58937177530364E+0001
-4.84375000000000E+0002  8.93176455175849E+0001
-4.85351562500000E+0002 -1.31976282967839E+0001
-4.86328125000000E+0002 -1.01907670344849E+0002
-4.87304687500000E+0002 -9.59478726775889E+0001
-4.88281250000000E+0002 -4.57154026982842E+0001
-4.89257812500000E+0002 -1.94500368327387E+0001
-4.90234375000000E+0002  5.84970184534086E-0002
-4.91210937500000E+0002  4.78790998382600E+0001
-4.92187500000000E+0002  8.51600786789898E+0001
-4.93164062500000E+0002  5.54020810836972E+0001
-4.94140625000000E+0002 -1.14303461382164E+0001
-4.95117187500000E+0002 -3.24216496304446E+0001
-4.96093750000000E+0002  8.19272725122264E+0000
-4.97070312500000E+0002  4.54534320487393E+0001
-4.98046875000000E+0002  3.76642989280829E+0001
-4.99023437500000E+0002  1.62050100585997E+0001
