1540	0
1560	0
1580	0
1600	0
1620	0
1640	0
1660	0
1680	0
1700	0
1720	0
1740	0
1760	0
1780	0
1800	0
1820	0
1840	0
1860	0
1880	0
1900	0
1920	0
1940	0
1960	0
1980	0
2000	0
2020	0
2040	0
2060	0
2080	0
2100	0
2120	0
2140	0
2160	0
2180	0
2189    0
2190    0.46
2193    0.46
2194    0.46
2200	0.46
2220	0.46
2240	0.46
2260	0.46
2280	0.46
2300	0.46
2320	0.46
2340	0.46
2360	0.46
2380	0.46
2400	0.46
2420	0.46
2440	0.46
2460	0.46
2480	0.46
2500	0.46
2520	0.46
2540	0.46
2560	0.46
2580	0.46
2600	0.46
2620	0.46
2640	0.46
2649    0.46
2650    0
2660	0
2680	0
2700	0
2720	0
2740	0
2760	0
2780	0
2800	0
2820	0
2840	0
2860	0
2880	0
2900	0
2920	0
2940	0
2960	0
2980	0
3000	0
3020	0
3040	0
3060	0
3080	0
3100	0
3120	0
3140	0
3160	0
3180	0
3200	0
3220	0
3240	0
3260	0
3280	0
3300	0
3320	0
3340	0
3360	0
3380	0
3400	0
3420	0
3440	0
3460	0
3478    0
3479    0.46
3480	0.46
3500	0.46
3520	0.46
3540	0.46
3560	0.46
3580	0.46
3600	0.46
3620	0.46
3640	0.48
3660	0.48
3680	0.48
3700	0.48
3720	0.48
3740	0.48
3760	0.48
3780	0.48
3800	0.48
3820	0.48
3840	0.48
3860	0.48
3880	0.48
3900	0.48
3920	0.48
3940	0.48
3960	0.48
3980	0.48
4000	0.48
4020	0.48
4040	0.48
4060	0.48
4080	0.48
