   20.0000  1.09267441760073E+0005
   40.0000  1.99990818021025E+0005
   60.0000  2.93369919104688E+0005
   80.0000  3.82578323043486E+0005
  100.0000  4.52749219337976E+0005
  120.0000  5.23675964770910E+0005
  140.0000  5.75002376918746E+0005
  160.0000  6.62277492327329E+0005
  180.0000  7.05249831621179E+0005
  200.0000  7.38282130396556E+0005
  220.0000  8.10067181074095E+0005
  240.0000  8.45917272000205E+0005
  260.0000  8.87938662425795E+0005
  280.0000  9.33792447374561E+0005
  300.0000  9.71912596168133E+0005
  320.0000  9.56329094222756E+0005
  340.0000  9.95106776735988E+0005
  360.0000  1.02351668777654E+0006
  380.0000  1.05998964443040E+0006
  400.0000  1.07600473309172E+0006
  420.0000  1.10014925322572E+0006
  440.0000  1.11910017745675E+0006
  460.0000  1.15576181700820E+0006
  480.0000  1.16600966556477E+0006
  500.0000  1.17566607604668E+0006
  520.0000  1.17547326360741E+0006
  540.0000  1.16966571256714E+0006
  560.0000  1.20879731772629E+0006
  580.0000  1.22145775089774E+0006
  600.0000  1.22957050907175E+0006
  620.0000  1.24504896690138E+0006
  640.0000  1.27394567725424E+0006
