1540.0000000 0.5049996
1560.0000000 0.5065934
1580.0000000 0.5081167
1600.0000000 0.5095725
1620.0000000 0.5109639
1640.0000000 0.5122937
1660.0000000 0.5135646
1680.0000000 0.5147793
1700.0000000 0.5159402
1720.0000000 0.5170497
1740.0000000 0.5181101
1760.0000000 0.5191235
1780.0000000 0.5200921
1800.0000000 0.5210178
1820.0000000 0.5219025
1840.0000000 0.5227481
1860.0000000 0.5235562
1880.0000000 0.5243285
1900.0000000 0.5250667
1920.0000000 0.5257722
1940.0000000 0.5264464
1960.0000000 0.5270908
1980.0000000 0.5277067
2000.0000000 0.5282953
2020.0000000 0.5288578
2040.0000000 0.5293955
2060.0000000 0.5299093
2080.0000000 0.5304004
2100.0000000 0.5308697
2120.0000000 0.5313183
2140.0000000 0.5317470
2160.0000000 0.5321568
2180.0000000 0.5325484
2200.0000000 0.5328386
2220.0000000 0.5325937
2240.0000000 0.5318941
2260.0000000 0.5308732
2280.0000000 0.5296310
2300.0000000 0.5282428
2320.0000000 0.5267644
2340.0000000 0.5252373
2360.0000000 0.5236917
2380.0000000 0.5221497
2400.0000000 0.5206271
2420.0000000 0.5191351
2440.0000000 0.5176814
2460.0000000 0.5162709
2480.0000000 0.5149068
2500.0000000 0.5135908
2520.0000000 0.5123235
2540.0000000 0.5111047
2560.0000000 0.5099339
2580.0000000 0.5088099
2600.0000000 0.5077315
2620.0000000 0.5066972
2640.0000000 0.5057054
2660.0000000 0.5048322
2680.0000000 0.5044868
2700.0000000 0.5045923
2720.0000000 0.5050220
2740.0000000 0.5056816
2760.0000000 0.5065003
2780.0000000 0.5074255
2800.0000000 0.5084178
2820.0000000 0.5094482
2840.0000000 0.5104951
2860.0000000 0.5115427
2880.0000000 0.5125795
2900.0000000 0.5135975
2920.0000000 0.5145909
2940.0000000 0.5155557
2960.0000000 0.5164894
2980.0000000 0.5173907
3000.0000000 0.5182586
3020.0000000 0.5190931
3040.0000000 0.5198944
3060.0000000 0.5206629
3080.0000000 0.5213995
3100.0000000 0.5221050
3120.0000000 0.5227804
3140.0000000 0.5234267
3160.0000000 0.5240450
3180.0000000 0.5246362
3200.0000000 0.5252016
3220.0000000 0.5257421
3240.0000000 0.5262587
3260.0000000 0.5267525
3280.0000000 0.5272245
3300.0000000 0.5276755
3320.0000000 0.5281065
3340.0000000 0.5285184
3360.0000000 0.5289119
3380.0000000 0.5292880
3400.0000000 0.5296473
3420.0000000 0.5299907
3440.0000000 0.5303187
3460.0000000 0.5306322
3480.0000000 0.5309316
3500.0000000 0.5308530
3520.0000000 0.5302288
3540.0000000 0.5292108
3560.0000000 0.5279139
3580.0000000 0.5264245
3600.0000000 0.5248073
3620.0000000 0.5231104
3640.0000000 0.5213081
3660.0000000 0.5193560
3680.0000000 0.5172810
3700.0000000 0.5151040
3720.0000000 0.5128421
3740.0000000 0.5105087
3760.0000000 0.5081149
3780.0000000 0.5056697
3800.0000000 0.5031806
3820.0000000 0.5006542
3840.0000000 0.4980958
3860.0000000 0.4955102
3880.0000000 0.4929015
3900.0000000 0.4902735
3920.0000000 0.4876296
3940.0000000 0.4849726
3960.0000000 0.4823053
3980.0000000 0.4796303
4000.0000000 0.4769499
4020.0000000 0.4742663
4040.0000000 0.4715813
4060.0000000 0.4688970
4080.0000000 0.4662149
