    0.0000  6.86614682877403E+0005
    0.5000  6.86219579261260E+0005
    1.0000  6.23265711776539E+0005
    1.5000  6.18165548014701E+0005
    2.0000  5.78315395109631E+0005
    2.5000  5.59092616264431E+0005
    3.0000  5.17928409304904E+0005
    3.5000  5.07442866822015E+0005
    4.0000  4.35004217339766E+0005
    4.5000  4.42218528441464E+0005
    5.0000  4.19708464589096E+0005
    5.5000  3.74069749513512E+0005
    6.0000  3.76471422351794E+0005
    6.5000  3.63223623777884E+0005
    7.0000  3.44632046358110E+0005
    7.5000  3.11124339117818E+0005
    8.0000  2.89991460807497E+0005
    8.5000  2.70552392061847E+0005
    9.0000  2.69836009516546E+0005
    9.5000  2.64048361865539E+0005
   10.0000  2.52609895814986E+0005
   10.5000  2.18102793901147E+0005
   11.0000  2.19147187037681E+0005
   11.5000  2.02072255885527E+0005
   12.0000  1.93650115425780E+0005
   12.5000  1.82150589950687E+0005
   13.0000  1.70875564533905E+0005
   13.5000  1.61762126442938E+0005
   14.0000  1.58351771670071E+0005
   14.5000  1.42254655626622E+0005
   15.0000  1.42881655346662E+0005
   15.5000  1.39559323721768E+0005
   16.0000  1.25017049617160E+0005
   16.5000  1.21898610223426E+0005
   17.0000  1.18107776597453E+0005
